"tf.Tensor([3.0590398 0.       ], shape=(2,), dtype=float32)"
"tf.Tensor([12.466037  0.      ], shape=(2,), dtype=float32)"
"tf.Tensor([15.193692  0.      ], shape=(2,), dtype=float32)"
"tf.Tensor([16.5126  0.    ], shape=(2,), dtype=float32)"
"tf.Tensor([10.594554  0.      ], shape=(2,), dtype=float32)"
"tf.Tensor([12.320485  0.      ], shape=(2,), dtype=float32)"
"tf.Tensor([17.153255  0.      ], shape=(2,), dtype=float32)"
"tf.Tensor([15.669052  0.      ], shape=(2,), dtype=float32)"
"tf.Tensor([11.27829  0.     ], shape=(2,), dtype=float32)"
"tf.Tensor([23.005875  0.      ], shape=(2,), dtype=float32)"
"tf.Tensor([20.533195  0.      ], shape=(2,), dtype=float32)"
"tf.Tensor([16.292204  0.      ], shape=(2,), dtype=float32)"
"tf.Tensor([7.946352 0.      ], shape=(2,), dtype=float32)"
"tf.Tensor([10.933362  0.      ], shape=(2,), dtype=float32)"
"tf.Tensor([14.801121  0.      ], shape=(2,), dtype=float32)"
"tf.Tensor([10.293957  0.      ], shape=(2,), dtype=float32)"
"tf.Tensor([10.286341  0.      ], shape=(2,), dtype=float32)"
"tf.Tensor([11.749129  0.      ], shape=(2,), dtype=float32)"
"tf.Tensor([13.251686  0.      ], shape=(2,), dtype=float32)"
"tf.Tensor([10.948022  0.      ], shape=(2,), dtype=float32)"
"tf.Tensor([10.136125  0.      ], shape=(2,), dtype=float32)"
"tf.Tensor([11.057742  0.      ], shape=(2,), dtype=float32)"
"tf.Tensor([11.96892  0.     ], shape=(2,), dtype=float32)"
"tf.Tensor([7.662257 0.      ], shape=(2,), dtype=float32)"
"tf.Tensor([8.155529 0.      ], shape=(2,), dtype=float32)"
"tf.Tensor([3.7997463 0.       ], shape=(2,), dtype=float32)"
"tf.Tensor([6.394949 0.      ], shape=(2,), dtype=float32)"
"tf.Tensor([1.5396174 0.       ], shape=(2,), dtype=float32)"
"tf.Tensor([3.1844552 0.       ], shape=(2,), dtype=float32)"
"tf.Tensor([4.097146 0.      ], shape=(2,), dtype=float32)"
"tf.Tensor([5.779681 0.      ], shape=(2,), dtype=float32)"
"tf.Tensor([9.317562 0.      ], shape=(2,), dtype=float32)"
"tf.Tensor([5.4433994 0.       ], shape=(2,), dtype=float32)"
"tf.Tensor([5.3551025 0.       ], shape=(2,), dtype=float32)"
"tf.Tensor([15.525866  0.      ], shape=(2,), dtype=float32)"
"tf.Tensor([25.15153  0.     ], shape=(2,), dtype=float32)"
"tf.Tensor([26.483606  0.      ], shape=(2,), dtype=float32)"
"tf.Tensor([11.967865  0.      ], shape=(2,), dtype=float32)"
"tf.Tensor([10.082596  0.      ], shape=(2,), dtype=float32)"
"tf.Tensor([5.2096825 0.       ], shape=(2,), dtype=float32)"
"tf.Tensor([12.287241  0.      ], shape=(2,), dtype=float32)"
"tf.Tensor([7.2485275 0.       ], shape=(2,), dtype=float32)"
"tf.Tensor([8.395986 0.      ], shape=(2,), dtype=float32)"
"tf.Tensor([9.949059 0.      ], shape=(2,), dtype=float32)"
"tf.Tensor([11.795173  0.      ], shape=(2,), dtype=float32)"
"tf.Tensor([16.280704  0.      ], shape=(2,), dtype=float32)"
"tf.Tensor([16.416542  0.      ], shape=(2,), dtype=float32)"
"tf.Tensor([11.740789  0.      ], shape=(2,), dtype=float32)"
"tf.Tensor([14.334374  0.      ], shape=(2,), dtype=float32)"
"tf.Tensor([18.233562  0.      ], shape=(2,), dtype=float32)"
"tf.Tensor([7.588158 0.      ], shape=(2,), dtype=float32)"
"tf.Tensor([71.55945 52.8674 ], shape=(2,), dtype=float32)"
"tf.Tensor([67.970665 57.543056], shape=(2,), dtype=float32)"
"tf.Tensor([31.031046   3.8580647], shape=(2,), dtype=float32)"
"tf.Tensor([5.271513 0.      ], shape=(2,), dtype=float32)"
"tf.Tensor([1.96005 0.     ], shape=(2,), dtype=float32)"
"tf.Tensor([4.64291 0.     ], shape=(2,), dtype=float32)"
"tf.Tensor([2.1395357 0.       ], shape=(2,), dtype=float32)"
"tf.Tensor([2.9872801 0.       ], shape=(2,), dtype=float32)"
"tf.Tensor([10.638749  0.      ], shape=(2,), dtype=float32)"
"tf.Tensor([8.966488 0.      ], shape=(2,), dtype=float32)"
"tf.Tensor([4.9147706 0.       ], shape=(2,), dtype=float32)"
"tf.Tensor([6.2985535 0.       ], shape=(2,), dtype=float32)"
"tf.Tensor([8.196361 0.      ], shape=(2,), dtype=float32)"
"tf.Tensor([15.455421  0.      ], shape=(2,), dtype=float32)"
"tf.Tensor([20.98988  0.     ], shape=(2,), dtype=float32)"
"tf.Tensor([30.837162  0.      ], shape=(2,), dtype=float32)"
"tf.Tensor([34.551693  0.      ], shape=(2,), dtype=float32)"
"tf.Tensor([33.43854  0.     ], shape=(2,), dtype=float32)"
"tf.Tensor([37.970398  0.      ], shape=(2,), dtype=float32)"
"tf.Tensor([53.602745  0.      ], shape=(2,), dtype=float32)"
"tf.Tensor([25.542145  0.      ], shape=(2,), dtype=float32)"
"tf.Tensor([25.095917  0.      ], shape=(2,), dtype=float32)"
"tf.Tensor([15.422172  0.      ], shape=(2,), dtype=float32)"
"tf.Tensor([32.698097  0.      ], shape=(2,), dtype=float32)"
"tf.Tensor([26.877588  0.      ], shape=(2,), dtype=float32)"
"tf.Tensor([20.52358  0.     ], shape=(2,), dtype=float32)"
"tf.Tensor([10.125606  0.      ], shape=(2,), dtype=float32)"
"tf.Tensor([11.77623  0.     ], shape=(2,), dtype=float32)"
"tf.Tensor([9.091427 0.      ], shape=(2,), dtype=float32)"
"tf.Tensor([3.2511976 0.       ], shape=(2,), dtype=float32)"
"tf.Tensor([9.159971 0.      ], shape=(2,), dtype=float32)"
"tf.Tensor([12.678474  0.      ], shape=(2,), dtype=float32)"
"tf.Tensor([12.069336  0.      ], shape=(2,), dtype=float32)"
"tf.Tensor([12.368496  0.      ], shape=(2,), dtype=float32)"
"tf.Tensor([11.635968  0.      ], shape=(2,), dtype=float32)"
"tf.Tensor([6.266412 0.      ], shape=(2,), dtype=float32)"
"tf.Tensor([27.014013  0.      ], shape=(2,), dtype=float32)"
"tf.Tensor([6.510335 0.      ], shape=(2,), dtype=float32)"
"tf.Tensor([35.98728  0.     ], shape=(2,), dtype=float32)"
"tf.Tensor([35.093475  0.      ], shape=(2,), dtype=float32)"
"tf.Tensor([42.050392  0.      ], shape=(2,), dtype=float32)"
"tf.Tensor([27.043018  0.      ], shape=(2,), dtype=float32)"
"tf.Tensor([16.276642  0.      ], shape=(2,), dtype=float32)"
"tf.Tensor([12.93623  0.     ], shape=(2,), dtype=float32)"
"tf.Tensor([9.793264 0.      ], shape=(2,), dtype=float32)"
"tf.Tensor([12.026545  0.      ], shape=(2,), dtype=float32)"
"tf.Tensor([14.426994  0.      ], shape=(2,), dtype=float32)"
"tf.Tensor([6.533512 0.      ], shape=(2,), dtype=float32)"
"tf.Tensor([2.230086 0.      ], shape=(2,), dtype=float32)"
"tf.Tensor([2027.8662 2633.2078], shape=(2,), dtype=float32)"
"tf.Tensor([6140.398  7038.1606], shape=(2,), dtype=float32)"
"tf.Tensor([ 9237.986 11494.453], shape=(2,), dtype=float32)"
"tf.Tensor([11044.334 14367.311], shape=(2,), dtype=float32)"
"tf.Tensor([13351.239 17185.88 ], shape=(2,), dtype=float32)"
"tf.Tensor([20016.52  24144.053], shape=(2,), dtype=float32)"
"tf.Tensor([22963.229 25602.758], shape=(2,), dtype=float32)"
"tf.Tensor([24885.99  25412.166], shape=(2,), dtype=float32)"
"tf.Tensor([22702.088 18865.037], shape=(2,), dtype=float32)"
"tf.Tensor([19440.783 12471.836], shape=(2,), dtype=float32)"
"tf.Tensor([16821.104 10242.482], shape=(2,), dtype=float32)"
"tf.Tensor([16309.474  9802.181], shape=(2,), dtype=float32)"
"tf.Tensor([17565.197 10785.947], shape=(2,), dtype=float32)"
"tf.Tensor([18751.93  11733.469], shape=(2,), dtype=float32)"
"tf.Tensor([18892.576 12594.122], shape=(2,), dtype=float32)"
"tf.Tensor([18490.756 18032.275], shape=(2,), dtype=float32)"
"tf.Tensor([17326.05 23610.21], shape=(2,), dtype=float32)"
"tf.Tensor([17360.055 27750.777], shape=(2,), dtype=float32)"
"tf.Tensor([14670.362 25259.197], shape=(2,), dtype=float32)"
"tf.Tensor([11601.338 20633.92 ], shape=(2,), dtype=float32)"
"tf.Tensor([ 6489.013 11516.423], shape=(2,), dtype=float32)"
"tf.Tensor([4297.8154 7580.7295], shape=(2,), dtype=float32)"
"tf.Tensor([3276.8723 5333.962 ], shape=(2,), dtype=float32)"
"tf.Tensor([2244.0889 3046.1921], shape=(2,), dtype=float32)"
"tf.Tensor([1249.0072 1610.3434], shape=(2,), dtype=float32)"
"tf.Tensor([430.55872   0.     ], shape=(2,), dtype=float32)"
"tf.Tensor([279.48517   0.     ], shape=(2,), dtype=float32)"
"tf.Tensor([163.70578   0.     ], shape=(2,), dtype=float32)"
"tf.Tensor([55.419464  0.      ], shape=(2,), dtype=float32)"
"tf.Tensor([57.057053  0.      ], shape=(2,), dtype=float32)"
"tf.Tensor([40.92935  0.     ], shape=(2,), dtype=float32)"
"tf.Tensor([15.606388  0.      ], shape=(2,), dtype=float32)"
"tf.Tensor([17.204226  0.      ], shape=(2,), dtype=float32)"
"tf.Tensor([17.993511  0.      ], shape=(2,), dtype=float32)"
"tf.Tensor([16.668974  0.      ], shape=(2,), dtype=float32)"
"tf.Tensor([10.63822  0.     ], shape=(2,), dtype=float32)"
"tf.Tensor([3.2152984 0.       ], shape=(2,), dtype=float32)"
"tf.Tensor([8.220253 0.      ], shape=(2,), dtype=float32)"
"tf.Tensor([9.0085 0.    ], shape=(2,), dtype=float32)"
"tf.Tensor([7.5731745 0.       ], shape=(2,), dtype=float32)"
"tf.Tensor([13.92074  0.     ], shape=(2,), dtype=float32)"
"tf.Tensor([15.527515  0.      ], shape=(2,), dtype=float32)"
"tf.Tensor([16.397877  0.      ], shape=(2,), dtype=float32)"
"tf.Tensor([10.901228  0.      ], shape=(2,), dtype=float32)"
"tf.Tensor([174.9639 512.44  ], shape=(2,), dtype=float32)"
"tf.Tensor([1525.4176 4009.1414], shape=(2,), dtype=float32)"
"tf.Tensor([3467.8494 8249.543 ], shape=(2,), dtype=float32)"
"tf.Tensor([ 4436.8633 10934.673 ], shape=(2,), dtype=float32)"
"tf.Tensor([ 3093.927 11866.888], shape=(2,), dtype=float32)"
"tf.Tensor([ 2487.281 11531.647], shape=(2,), dtype=float32)"
"tf.Tensor([ 2233.9275 13033.339 ], shape=(2,), dtype=float32)"
"tf.Tensor([ 2543.0017 14558.12  ], shape=(2,), dtype=float32)"
"tf.Tensor([ 2767.2502 14126.899 ], shape=(2,), dtype=float32)"
"tf.Tensor([ 2776.7825 13648.187 ], shape=(2,), dtype=float32)"
"tf.Tensor([ 4867.3184 13760.431 ], shape=(2,), dtype=float32)"
"tf.Tensor([ 4747.99  13413.824], shape=(2,), dtype=float32)"
"tf.Tensor([ 4898.1143 13930.571 ], shape=(2,), dtype=float32)"
"tf.Tensor([ 6039.1113 17052.43  ], shape=(2,), dtype=float32)"
"tf.Tensor([ 6635.4146 18575.43  ], shape=(2,), dtype=float32)"
"tf.Tensor([ 6575.119 17544.062], shape=(2,), dtype=float32)"
"tf.Tensor([ 5784.996 15028.57 ], shape=(2,), dtype=float32)"
"tf.Tensor([ 4997.114 12989.679], shape=(2,), dtype=float32)"
"tf.Tensor([ 3919.5386 10314.057 ], shape=(2,), dtype=float32)"
"tf.Tensor([2913.3982 7930.8916], shape=(2,), dtype=float32)"
"tf.Tensor([2515.2678 6875.6304], shape=(2,), dtype=float32)"
"tf.Tensor([2046.3186 5545.421 ], shape=(2,), dtype=float32)"
"tf.Tensor([1364.8557 3649.9421], shape=(2,), dtype=float32)"
"tf.Tensor([ 823.0631 2174.0173], shape=(2,), dtype=float32)"
"tf.Tensor([412.07553   0.     ], shape=(2,), dtype=float32)"
"tf.Tensor([284.08276   0.     ], shape=(2,), dtype=float32)"
"tf.Tensor([142.84789   0.     ], shape=(2,), dtype=float32)"
"tf.Tensor([24.540924  0.      ], shape=(2,), dtype=float32)"
"tf.Tensor([11.638924  0.      ], shape=(2,), dtype=float32)"
"tf.Tensor([5.4572673 0.       ], shape=(2,), dtype=float32)"
"tf.Tensor([17.939692  0.      ], shape=(2,), dtype=float32)"
"tf.Tensor([11.678105  0.      ], shape=(2,), dtype=float32)"
"tf.Tensor([9.795763 0.      ], shape=(2,), dtype=float32)"
"tf.Tensor([8.87249 0.     ], shape=(2,), dtype=float32)"
"tf.Tensor([9.724588 0.      ], shape=(2,), dtype=float32)"
"tf.Tensor([10.665474  0.      ], shape=(2,), dtype=float32)"
"tf.Tensor([12.5341835  0.       ], shape=(2,), dtype=float32)"
"tf.Tensor([0.46314797 0.        ], shape=(2,), dtype=float32)"
"tf.Tensor([3.7381551 0.       ], shape=(2,), dtype=float32)"
"tf.Tensor([8.610033 0.      ], shape=(2,), dtype=float32)"
"tf.Tensor([13.667643  0.      ], shape=(2,), dtype=float32)"
"tf.Tensor([15.458431  0.      ], shape=(2,), dtype=float32)"
"tf.Tensor([14.543663  0.      ], shape=(2,), dtype=float32)"
"tf.Tensor([17.288744  0.      ], shape=(2,), dtype=float32)"
"tf.Tensor([20.517668  0.      ], shape=(2,), dtype=float32)"
"tf.Tensor([28.159554  0.      ], shape=(2,), dtype=float32)"
"tf.Tensor([11.543211  0.      ], shape=(2,), dtype=float32)"
"tf.Tensor([3099.17  3405.162], shape=(2,), dtype=float32)"
"tf.Tensor([ 9931.226 11348.202], shape=(2,), dtype=float32)"
"tf.Tensor([16185.5   18596.238], shape=(2,), dtype=float32)"
"tf.Tensor([19436.166 21770.021], shape=(2,), dtype=float32)"
"tf.Tensor([21250.273 22808.826], shape=(2,), dtype=float32)"
"tf.Tensor([19517.96  17873.732], shape=(2,), dtype=float32)"
"tf.Tensor([18172.62  15089.327], shape=(2,), dtype=float32)"
"tf.Tensor([18171.418 14838.957], shape=(2,), dtype=float32)"
"tf.Tensor([17804.307 14341.998], shape=(2,), dtype=float32)"
"tf.Tensor([18161.03  13951.068], shape=(2,), dtype=float32)"
"tf.Tensor([17861.34  12866.118], shape=(2,), dtype=float32)"
"tf.Tensor([19644.648 14364.   ], shape=(2,), dtype=float32)"
"tf.Tensor([19837.357 14589.489], shape=(2,), dtype=float32)"
"tf.Tensor([19390.715 15140.059], shape=(2,), dtype=float32)"
"tf.Tensor([17973.932 15073.826], shape=(2,), dtype=float32)"
"tf.Tensor([20109.51  22470.615], shape=(2,), dtype=float32)"
"tf.Tensor([20132.453 25246.457], shape=(2,), dtype=float32)"
"tf.Tensor([18056.43  26423.447], shape=(2,), dtype=float32)"
"tf.Tensor([18624.826 29829.705], shape=(2,), dtype=float32)"
"tf.Tensor([17217.049 28686.479], shape=(2,), dtype=float32)"
"tf.Tensor([12910.367 22928.602], shape=(2,), dtype=float32)"
"tf.Tensor([12283.84  21982.268], shape=(2,), dtype=float32)"
"tf.Tensor([ 9216.975 16716.678], shape=(2,), dtype=float32)"
"tf.Tensor([5335.8667 9528.581 ], shape=(2,), dtype=float32)"
"tf.Tensor([2577.9092 3420.5046], shape=(2,), dtype=float32)"
"tf.Tensor([2646.3474 3647.6396], shape=(2,), dtype=float32)"
"tf.Tensor([842.3083   0.    ], shape=(2,), dtype=float32)"
"tf.Tensor([558.059   0.   ], shape=(2,), dtype=float32)"
"tf.Tensor([350.10645   0.     ], shape=(2,), dtype=float32)"
"tf.Tensor([177.14778   0.     ], shape=(2,), dtype=float32)"
"tf.Tensor([59.215786  0.      ], shape=(2,), dtype=float32)"
"tf.Tensor([53.4266  0.    ], shape=(2,), dtype=float32)"
"tf.Tensor([27.491495  0.      ], shape=(2,), dtype=float32)"
"tf.Tensor([8.747006 0.      ], shape=(2,), dtype=float32)"
"tf.Tensor([15.2544155  0.       ], shape=(2,), dtype=float32)"
"tf.Tensor([23.478586  0.      ], shape=(2,), dtype=float32)"
"tf.Tensor([27.283615  0.      ], shape=(2,), dtype=float32)"
"tf.Tensor([20.878109  0.      ], shape=(2,), dtype=float32)"
"tf.Tensor([27.126396  0.      ], shape=(2,), dtype=float32)"
"tf.Tensor([27.520184  0.      ], shape=(2,), dtype=float32)"
"tf.Tensor([25.491718  0.      ], shape=(2,), dtype=float32)"
"tf.Tensor([21.288532  0.      ], shape=(2,), dtype=float32)"
"tf.Tensor([17.87138  0.     ], shape=(2,), dtype=float32)"
"tf.Tensor([15.087584  0.      ], shape=(2,), dtype=float32)"
"tf.Tensor([14.571825  0.      ], shape=(2,), dtype=float32)"
"tf.Tensor([107.85563 146.68419], shape=(2,), dtype=float32)"
"tf.Tensor([28.04308  0.     ], shape=(2,), dtype=float32)"
"tf.Tensor([12.384365  0.      ], shape=(2,), dtype=float32)"
"tf.Tensor([10.01841  0.     ], shape=(2,), dtype=float32)"
"tf.Tensor([11.388639  0.      ], shape=(2,), dtype=float32)"
"tf.Tensor([38.215157  0.      ], shape=(2,), dtype=float32)"
"tf.Tensor([50.516026  0.      ], shape=(2,), dtype=float32)"
"tf.Tensor([79.95909  0.     ], shape=(2,), dtype=float32)"
"tf.Tensor([92.76272  0.     ], shape=(2,), dtype=float32)"
"tf.Tensor([106.86262   0.     ], shape=(2,), dtype=float32)"
"tf.Tensor([114.3511   0.    ], shape=(2,), dtype=float32)"
"tf.Tensor([116.087654   0.      ], shape=(2,), dtype=float32)"
"tf.Tensor([118.09373   0.     ], shape=(2,), dtype=float32)"
"tf.Tensor([120.15395   0.     ], shape=(2,), dtype=float32)"
"tf.Tensor([116.78954   0.     ], shape=(2,), dtype=float32)"
"tf.Tensor([111.829185   0.      ], shape=(2,), dtype=float32)"
"tf.Tensor([106.78771   0.     ], shape=(2,), dtype=float32)"
"tf.Tensor([110.86158   0.     ], shape=(2,), dtype=float32)"
"tf.Tensor([111.1148   0.    ], shape=(2,), dtype=float32)"
"tf.Tensor([104.35952   0.     ], shape=(2,), dtype=float32)"
"tf.Tensor([105.634605   0.      ], shape=(2,), dtype=float32)"
"tf.Tensor([99.90482  0.     ], shape=(2,), dtype=float32)"
"tf.Tensor([94.257454  0.      ], shape=(2,), dtype=float32)"
"tf.Tensor([82.04231  0.     ], shape=(2,), dtype=float32)"
"tf.Tensor([51.00666  0.     ], shape=(2,), dtype=float32)"
"tf.Tensor([36.114555  0.      ], shape=(2,), dtype=float32)"
"tf.Tensor([14.543168  0.      ], shape=(2,), dtype=float32)"
"tf.Tensor([25.447306  0.      ], shape=(2,), dtype=float32)"
"tf.Tensor([10.500438  0.      ], shape=(2,), dtype=float32)"
"tf.Tensor([11.591892  0.      ], shape=(2,), dtype=float32)"
"tf.Tensor([17.03992  0.     ], shape=(2,), dtype=float32)"
"tf.Tensor([12.40083  0.     ], shape=(2,), dtype=float32)"
"tf.Tensor([10.695448  0.      ], shape=(2,), dtype=float32)"
"tf.Tensor([11.124676  0.      ], shape=(2,), dtype=float32)"
"tf.Tensor([13.234146  0.      ], shape=(2,), dtype=float32)"
"tf.Tensor([15.818201  0.      ], shape=(2,), dtype=float32)"
"tf.Tensor([9.938276 0.      ], shape=(2,), dtype=float32)"
"tf.Tensor([1.9210995 0.       ], shape=(2,), dtype=float32)"
"tf.Tensor([8.087896 0.      ], shape=(2,), dtype=float32)"
"tf.Tensor([10.840645  0.      ], shape=(2,), dtype=float32)"
"tf.Tensor([14.746066  0.      ], shape=(2,), dtype=float32)"
"tf.Tensor([9.646709 0.      ], shape=(2,), dtype=float32)"
"tf.Tensor([6.345067 0.      ], shape=(2,), dtype=float32)"
"tf.Tensor([4.753436 0.      ], shape=(2,), dtype=float32)"
"tf.Tensor([26.482178  0.      ], shape=(2,), dtype=float32)"
"tf.Tensor([12.283522  0.      ], shape=(2,), dtype=float32)"
"tf.Tensor([17.22985  0.     ], shape=(2,), dtype=float32)"
"tf.Tensor([13.619478  0.      ], shape=(2,), dtype=float32)"
"tf.Tensor([17.599468  0.      ], shape=(2,), dtype=float32)"
"tf.Tensor([29.423412  0.      ], shape=(2,), dtype=float32)"
"tf.Tensor([75.145355  0.      ], shape=(2,), dtype=float32)"
"tf.Tensor([100.58363   0.     ], shape=(2,), dtype=float32)"
"tf.Tensor([95.400276  0.      ], shape=(2,), dtype=float32)"
"tf.Tensor([106.09339   0.     ], shape=(2,), dtype=float32)"
"tf.Tensor([113.49047   0.     ], shape=(2,), dtype=float32)"
"tf.Tensor([112.27688   0.     ], shape=(2,), dtype=float32)"
"tf.Tensor([113.58085   0.     ], shape=(2,), dtype=float32)"
"tf.Tensor([114.47553   0.     ], shape=(2,), dtype=float32)"
"tf.Tensor([116.49276   0.     ], shape=(2,), dtype=float32)"
"tf.Tensor([114.83492   0.     ], shape=(2,), dtype=float32)"
"tf.Tensor([115.51768   0.     ], shape=(2,), dtype=float32)"
"tf.Tensor([112.90948   0.     ], shape=(2,), dtype=float32)"
"tf.Tensor([104.53846   0.     ], shape=(2,), dtype=float32)"
"tf.Tensor([92.64185  0.     ], shape=(2,), dtype=float32)"
"tf.Tensor([81.81907  0.     ], shape=(2,), dtype=float32)"
"tf.Tensor([67.04305  0.     ], shape=(2,), dtype=float32)"
"tf.Tensor([54.115166  0.      ], shape=(2,), dtype=float32)"
"tf.Tensor([41.80336  0.     ], shape=(2,), dtype=float32)"
"tf.Tensor([32.86638  0.     ], shape=(2,), dtype=float32)"
"tf.Tensor([23.312714  0.      ], shape=(2,), dtype=float32)"
"tf.Tensor([16.811646  0.      ], shape=(2,), dtype=float32)"
"tf.Tensor([15.628191  0.      ], shape=(2,), dtype=float32)"
"tf.Tensor([5.1208887 0.       ], shape=(2,), dtype=float32)"
"tf.Tensor([6.8222046 0.       ], shape=(2,), dtype=float32)"
"tf.Tensor([5.5152626 0.       ], shape=(2,), dtype=float32)"
"tf.Tensor([14.880077  0.      ], shape=(2,), dtype=float32)"
"tf.Tensor([13.078609  0.      ], shape=(2,), dtype=float32)"
"tf.Tensor([19.6963  0.    ], shape=(2,), dtype=float32)"
"tf.Tensor([12.820409  0.      ], shape=(2,), dtype=float32)"
"tf.Tensor([20.886806  0.      ], shape=(2,), dtype=float32)"
"tf.Tensor([16.469023  0.      ], shape=(2,), dtype=float32)"
"tf.Tensor([20.119276  0.      ], shape=(2,), dtype=float32)"
"tf.Tensor([21.171738  0.      ], shape=(2,), dtype=float32)"
"tf.Tensor([21.607306  0.      ], shape=(2,), dtype=float32)"
"tf.Tensor([22.127829  0.      ], shape=(2,), dtype=float32)"
"tf.Tensor([14.708134  0.      ], shape=(2,), dtype=float32)"
"tf.Tensor([13.663456  0.      ], shape=(2,), dtype=float32)"
"tf.Tensor([8.416725 0.      ], shape=(2,), dtype=float32)"
"tf.Tensor([6.672468 0.      ], shape=(2,), dtype=float32)"
"tf.Tensor([10.693589  0.      ], shape=(2,), dtype=float32)"
"tf.Tensor([10.143282  0.      ], shape=(2,), dtype=float32)"
"tf.Tensor([166.14243 646.1062 ], shape=(2,), dtype=float32)"
"tf.Tensor([3200.952 8208.565], shape=(2,), dtype=float32)"
"tf.Tensor([ 8532.828 20536.21 ], shape=(2,), dtype=float32)"
"tf.Tensor([12431.059 29629.025], shape=(2,), dtype=float32)"
"tf.Tensor([15632.846 35771.12 ], shape=(2,), dtype=float32)"
"tf.Tensor([18024.613 40896.83 ], shape=(2,), dtype=float32)"
"tf.Tensor([18672.363 42514.43 ], shape=(2,), dtype=float32)"
"tf.Tensor([19064.793 43597.59 ], shape=(2,), dtype=float32)"
"tf.Tensor([18966.285 43469.46 ], shape=(2,), dtype=float32)"
"tf.Tensor([20323.178 45808.85 ], shape=(2,), dtype=float32)"
"tf.Tensor([20960.186 45193.656], shape=(2,), dtype=float32)"
"tf.Tensor([20882.709 43774.754], shape=(2,), dtype=float32)"
"tf.Tensor([19584.209 40783.324], shape=(2,), dtype=float32)"
"tf.Tensor([16601.465 36046.62 ], shape=(2,), dtype=float32)"
"tf.Tensor([11817.06  28040.521], shape=(2,), dtype=float32)"
"tf.Tensor([ 7952.7173 20244.828 ], shape=(2,), dtype=float32)"
"tf.Tensor([ 5830.9473 16677.154 ], shape=(2,), dtype=float32)"
"tf.Tensor([ 5435.2744 14991.501 ], shape=(2,), dtype=float32)"
"tf.Tensor([ 4260.2456 11448.9   ], shape=(2,), dtype=float32)"
"tf.Tensor([3302.728 8850.772], shape=(2,), dtype=float32)"
"tf.Tensor([2317.8167 6250.647 ], shape=(2,), dtype=float32)"
"tf.Tensor([1618.8615 4391.5957], shape=(2,), dtype=float32)"
"tf.Tensor([1073.4269 2916.9817], shape=(2,), dtype=float32)"
"tf.Tensor([ 577.9287 1556.4135], shape=(2,), dtype=float32)"
"tf.Tensor([266.01105  95.4893 ], shape=(2,), dtype=float32)"
"tf.Tensor([ 97.28685 209.14479], shape=(2,), dtype=float32)"
"tf.Tensor([51.555393  0.      ], shape=(2,), dtype=float32)"
"tf.Tensor([23.75175  0.     ], shape=(2,), dtype=float32)"
"tf.Tensor([24.508018  0.      ], shape=(2,), dtype=float32)"
"tf.Tensor([34.599403  0.      ], shape=(2,), dtype=float32)"
"tf.Tensor([25.085396  0.      ], shape=(2,), dtype=float32)"
"tf.Tensor([17.405334  0.      ], shape=(2,), dtype=float32)"
"tf.Tensor([13.752613  0.      ], shape=(2,), dtype=float32)"
"tf.Tensor([15.971703  0.      ], shape=(2,), dtype=float32)"
"tf.Tensor([12.891867  0.      ], shape=(2,), dtype=float32)"
"tf.Tensor([13.560138  0.      ], shape=(2,), dtype=float32)"
"tf.Tensor([9.45137 0.     ], shape=(2,), dtype=float32)"
"tf.Tensor([15.488933  0.      ], shape=(2,), dtype=float32)"
"tf.Tensor([21.330673  0.      ], shape=(2,), dtype=float32)"
"tf.Tensor([10.598085  0.      ], shape=(2,), dtype=float32)"
"tf.Tensor([2.302529 0.      ], shape=(2,), dtype=float32)"
"tf.Tensor([4055.2239 5492.8853], shape=(2,), dtype=float32)"
"tf.Tensor([ 7030.5195 10333.311 ], shape=(2,), dtype=float32)"
"tf.Tensor([10419.377 16136.584], shape=(2,), dtype=float32)"
"tf.Tensor([12421.491 20488.45 ], shape=(2,), dtype=float32)"
"tf.Tensor([16650.428 26558.592], shape=(2,), dtype=float32)"
"tf.Tensor([19790.803 29251.883], shape=(2,), dtype=float32)"
"tf.Tensor([23709.654 31702.986], shape=(2,), dtype=float32)"
"tf.Tensor([24678.885 29846.73 ], shape=(2,), dtype=float32)"
"tf.Tensor([18280.994 16975.436], shape=(2,), dtype=float32)"
"tf.Tensor([15858.611 10387.877], shape=(2,), dtype=float32)"
"tf.Tensor([15924.967  10144.6875], shape=(2,), dtype=float32)"
"tf.Tensor([17150.389 10976.67 ], shape=(2,), dtype=float32)"
"tf.Tensor([18026.236 12804.083], shape=(2,), dtype=float32)"
"tf.Tensor([18565.291 18772.857], shape=(2,), dtype=float32)"
"tf.Tensor([19499.473 24497.041], shape=(2,), dtype=float32)"
"tf.Tensor([17554.064 25915.574], shape=(2,), dtype=float32)"
"tf.Tensor([17635.152 28474.098], shape=(2,), dtype=float32)"
"tf.Tensor([14496.058 25099.613], shape=(2,), dtype=float32)"
"tf.Tensor([11329.098 20427.266], shape=(2,), dtype=float32)"
"tf.Tensor([ 6677.126 11849.027], shape=(2,), dtype=float32)"
"tf.Tensor([4669.558  6396.1084], shape=(2,), dtype=float32)"
"tf.Tensor([4010.6423 5377.319 ], shape=(2,), dtype=float32)"
"tf.Tensor([3021.3506 4024.2856], shape=(2,), dtype=float32)"
"tf.Tensor([2141.0935 2923.9172], shape=(2,), dtype=float32)"
"tf.Tensor([623.89624   0.     ], shape=(2,), dtype=float32)"
"tf.Tensor([417.80127   0.     ], shape=(2,), dtype=float32)"
"tf.Tensor([98.307014  0.      ], shape=(2,), dtype=float32)"
"tf.Tensor([37.78248  0.     ], shape=(2,), dtype=float32)"
"tf.Tensor([27.03032  0.     ], shape=(2,), dtype=float32)"
"tf.Tensor([31.470085  0.      ], shape=(2,), dtype=float32)"
"tf.Tensor([18.149115  0.      ], shape=(2,), dtype=float32)"
"tf.Tensor([11.2959385  0.       ], shape=(2,), dtype=float32)"
"tf.Tensor([13.610763  0.      ], shape=(2,), dtype=float32)"
"tf.Tensor([16.761517  0.      ], shape=(2,), dtype=float32)"
"tf.Tensor([10.779639  0.      ], shape=(2,), dtype=float32)"
"tf.Tensor([8.40233 0.     ], shape=(2,), dtype=float32)"
"tf.Tensor([9.625012 0.      ], shape=(2,), dtype=float32)"
"tf.Tensor([12.520059  0.      ], shape=(2,), dtype=float32)"
"tf.Tensor([9.682016 0.      ], shape=(2,), dtype=float32)"
"tf.Tensor([9.773175 0.      ], shape=(2,), dtype=float32)"
"tf.Tensor([7.41728 0.     ], shape=(2,), dtype=float32)"
"tf.Tensor([10.247107  0.      ], shape=(2,), dtype=float32)"
"tf.Tensor([14.620471  0.      ], shape=(2,), dtype=float32)"
"tf.Tensor([1887.461    526.66736], shape=(2,), dtype=float32)"
"tf.Tensor([2967.4954  580.2559], shape=(2,), dtype=float32)"
"tf.Tensor([3323.5159   490.32336], shape=(2,), dtype=float32)"
"tf.Tensor([3311.2092   420.07828], shape=(2,), dtype=float32)"
"tf.Tensor([3728.2656   510.62265], shape=(2,), dtype=float32)"
"tf.Tensor([5176.1514  942.9749], shape=(2,), dtype=float32)"
"tf.Tensor([6762.9927 1384.135 ], shape=(2,), dtype=float32)"
"tf.Tensor([8137.9287 1863.8918], shape=(2,), dtype=float32)"
"tf.Tensor([8742.791 2179.668], shape=(2,), dtype=float32)"
"tf.Tensor([8892.563  2324.3118], shape=(2,), dtype=float32)"
"tf.Tensor([9171.986  2393.7837], shape=(2,), dtype=float32)"
"tf.Tensor([8653.423  2197.3955], shape=(2,), dtype=float32)"
"tf.Tensor([8663.802  2009.4791], shape=(2,), dtype=float32)"
"tf.Tensor([7876.944  1827.4053], shape=(2,), dtype=float32)"
"tf.Tensor([8270.639  1802.1125], shape=(2,), dtype=float32)"
"tf.Tensor([7568.5156 1464.3115], shape=(2,), dtype=float32)"
"tf.Tensor([6386.3647  976.7044], shape=(2,), dtype=float32)"
"tf.Tensor([5146.3457   633.14166], shape=(2,), dtype=float32)"
"tf.Tensor([3904.7625   507.15012], shape=(2,), dtype=float32)"
"tf.Tensor([2981.1897   189.07101], shape=(2,), dtype=float32)"
"tf.Tensor([2737.6816    0.    ], shape=(2,), dtype=float32)"
"tf.Tensor([2463.6025    0.    ], shape=(2,), dtype=float32)"
"tf.Tensor([2098.1404    0.    ], shape=(2,), dtype=float32)"
"tf.Tensor([1653.4547    0.    ], shape=(2,), dtype=float32)"
"tf.Tensor([1266.3374    0.    ], shape=(2,), dtype=float32)"
"tf.Tensor([608.10565   0.     ], shape=(2,), dtype=float32)"
"tf.Tensor([478.1845   0.    ], shape=(2,), dtype=float32)"
"tf.Tensor([343.52142   0.     ], shape=(2,), dtype=float32)"
"tf.Tensor([210.4373   0.    ], shape=(2,), dtype=float32)"
"tf.Tensor([109.154976   0.      ], shape=(2,), dtype=float32)"
"tf.Tensor([31.65165  0.     ], shape=(2,), dtype=float32)"
"tf.Tensor([22.58759  0.     ], shape=(2,), dtype=float32)"
"tf.Tensor([17.504208  0.      ], shape=(2,), dtype=float32)"
"tf.Tensor([13.994148  0.      ], shape=(2,), dtype=float32)"
"tf.Tensor([26.372206  0.      ], shape=(2,), dtype=float32)"
"tf.Tensor([12.478594  0.      ], shape=(2,), dtype=float32)"
"tf.Tensor([17.821732  0.      ], shape=(2,), dtype=float32)"
"tf.Tensor([12.584566  0.      ], shape=(2,), dtype=float32)"
"tf.Tensor([13.925356  0.      ], shape=(2,), dtype=float32)"
"tf.Tensor([20.824692  0.      ], shape=(2,), dtype=float32)"
"tf.Tensor([20.09246  0.     ], shape=(2,), dtype=float32)"
"tf.Tensor([11.282953  0.      ], shape=(2,), dtype=float32)"
"tf.Tensor([25.943155  0.      ], shape=(2,), dtype=float32)"
"tf.Tensor([ 555.7975 1586.19  ], shape=(2,), dtype=float32)"
"tf.Tensor([3812.841 9474.704], shape=(2,), dtype=float32)"
"tf.Tensor([ 6401.0635 15908.74  ], shape=(2,), dtype=float32)"
"tf.Tensor([ 7757.4517 19345.    ], shape=(2,), dtype=float32)"
"tf.Tensor([ 6886.0767 25640.74  ], shape=(2,), dtype=float32)"
"tf.Tensor([ 7293.874 27141.021], shape=(2,), dtype=float32)"
"tf.Tensor([ 7580.3623 28029.016 ], shape=(2,), dtype=float32)"
"tf.Tensor([10111.1   25191.729], shape=(2,), dtype=float32)"
"tf.Tensor([11652.61  26944.834], shape=(2,), dtype=float32)"
"tf.Tensor([11818.465 26860.855], shape=(2,), dtype=float32)"
"tf.Tensor([11971.225 27289.11 ], shape=(2,), dtype=float32)"
"tf.Tensor([10146.873 24796.867], shape=(2,), dtype=float32)"
"tf.Tensor([ 5777.077 21687.781], shape=(2,), dtype=float32)"
"tf.Tensor([ 4427.0093 19355.242 ], shape=(2,), dtype=float32)"
"tf.Tensor([ 7047.4937 19784.607 ], shape=(2,), dtype=float32)"
"tf.Tensor([ 5705.923 15477.458], shape=(2,), dtype=float32)"
"tf.Tensor([ 4613.4883 12573.269 ], shape=(2,), dtype=float32)"
"tf.Tensor([ 3766.1138 10348.851 ], shape=(2,), dtype=float32)"
"tf.Tensor([2836.708  7643.1465], shape=(2,), dtype=float32)"
"tf.Tensor([1543.851  4293.7715], shape=(2,), dtype=float32)"
"tf.Tensor([ 745.4462 2068.0503], shape=(2,), dtype=float32)"
"tf.Tensor([370.7802   0.    ], shape=(2,), dtype=float32)"
"tf.Tensor([261.969   0.   ], shape=(2,), dtype=float32)"
"tf.Tensor([155.03452 148.7083 ], shape=(2,), dtype=float32)"
"tf.Tensor([37.535633 11.503571], shape=(2,), dtype=float32)"
"tf.Tensor([18.679087  0.      ], shape=(2,), dtype=float32)"
"tf.Tensor([16.127014  0.      ], shape=(2,), dtype=float32)"
"tf.Tensor([5.608205 0.      ], shape=(2,), dtype=float32)"
"tf.Tensor([10.340584  0.      ], shape=(2,), dtype=float32)"
"tf.Tensor([15.282166  0.      ], shape=(2,), dtype=float32)"
"tf.Tensor([17.383833  0.      ], shape=(2,), dtype=float32)"
"tf.Tensor([8.93861 0.     ], shape=(2,), dtype=float32)"
"tf.Tensor([7.233866 0.      ], shape=(2,), dtype=float32)"
"tf.Tensor([12.393239  0.      ], shape=(2,), dtype=float32)"
"tf.Tensor([15.316893  0.      ], shape=(2,), dtype=float32)"
"tf.Tensor([18.057684  0.      ], shape=(2,), dtype=float32)"
"tf.Tensor([12.066814  0.      ], shape=(2,), dtype=float32)"
"tf.Tensor([11.172012  0.      ], shape=(2,), dtype=float32)"
"tf.Tensor([15.28367  0.     ], shape=(2,), dtype=float32)"
"tf.Tensor([11.960974  0.      ], shape=(2,), dtype=float32)"
"tf.Tensor([13.988144  0.      ], shape=(2,), dtype=float32)"
"tf.Tensor([14.375019  0.      ], shape=(2,), dtype=float32)"
"tf.Tensor([6.4512672 0.       ], shape=(2,), dtype=float32)"
"tf.Tensor([12.852629  0.      ], shape=(2,), dtype=float32)"
"tf.Tensor([14.023288  0.      ], shape=(2,), dtype=float32)"
"tf.Tensor([1779.7515 1946.0337], shape=(2,), dtype=float32)"
"tf.Tensor([6309.486 8791.973], shape=(2,), dtype=float32)"
"tf.Tensor([10092.564 14018.14 ], shape=(2,), dtype=float32)"
"tf.Tensor([11593.929 16942.432], shape=(2,), dtype=float32)"
"tf.Tensor([13277.756 19607.104], shape=(2,), dtype=float32)"
"tf.Tensor([17490.568 25780.855], shape=(2,), dtype=float32)"
"tf.Tensor([24659.957 32895.266], shape=(2,), dtype=float32)"
"tf.Tensor([28766.057 35954.9  ], shape=(2,), dtype=float32)"
"tf.Tensor([26394.055 31028.256], shape=(2,), dtype=float32)"
"tf.Tensor([22752.08  21602.236], shape=(2,), dtype=float32)"
"tf.Tensor([25612.021 28844.643], shape=(2,), dtype=float32)"
"tf.Tensor([25717.182 30269.498], shape=(2,), dtype=float32)"
"tf.Tensor([25476.623 33420.977], shape=(2,), dtype=float32)"
"tf.Tensor([22008.39  32543.135], shape=(2,), dtype=float32)"
"tf.Tensor([21143.719 34051.727], shape=(2,), dtype=float32)"
"tf.Tensor([15871.006 27161.92 ], shape=(2,), dtype=float32)"
"tf.Tensor([11776.701 20878.428], shape=(2,), dtype=float32)"
"tf.Tensor([ 7552.601 13364.599], shape=(2,), dtype=float32)"
"tf.Tensor([4945.172 8655.016], shape=(2,), dtype=float32)"
"tf.Tensor([3743.0332 5980.509 ], shape=(2,), dtype=float32)"
"tf.Tensor([2581.7253 3810.7317], shape=(2,), dtype=float32)"
"tf.Tensor([637.0409   0.    ], shape=(2,), dtype=float32)"
"tf.Tensor([519.5425   0.    ], shape=(2,), dtype=float32)"
"tf.Tensor([363.78247   0.     ], shape=(2,), dtype=float32)"
"tf.Tensor([139.04689   0.     ], shape=(2,), dtype=float32)"
"tf.Tensor([20.549194  0.      ], shape=(2,), dtype=float32)"
"tf.Tensor([37.010628  0.      ], shape=(2,), dtype=float32)"
"tf.Tensor([15.4326725  0.       ], shape=(2,), dtype=float32)"
"tf.Tensor([6.82345 0.     ], shape=(2,), dtype=float32)"
"tf.Tensor([8.046228 0.      ], shape=(2,), dtype=float32)"
"tf.Tensor([13.070069  0.      ], shape=(2,), dtype=float32)"
"tf.Tensor([15.752784  0.      ], shape=(2,), dtype=float32)"
"tf.Tensor([13.76919  0.     ], shape=(2,), dtype=float32)"
"tf.Tensor([10.3280525  0.       ], shape=(2,), dtype=float32)"
"tf.Tensor([11.835871  0.      ], shape=(2,), dtype=float32)"
"tf.Tensor([11.299831  0.      ], shape=(2,), dtype=float32)"
"tf.Tensor([12.640707  0.      ], shape=(2,), dtype=float32)"
"tf.Tensor([9.852402 0.      ], shape=(2,), dtype=float32)"
"tf.Tensor([14.152185  0.      ], shape=(2,), dtype=float32)"
"tf.Tensor([12.327246  0.      ], shape=(2,), dtype=float32)"
"tf.Tensor([7.672703 0.      ], shape=(2,), dtype=float32)"
"tf.Tensor([10.198145  0.      ], shape=(2,), dtype=float32)"
"tf.Tensor([15.63106  0.     ], shape=(2,), dtype=float32)"
"tf.Tensor([10.086317  0.      ], shape=(2,), dtype=float32)"
"tf.Tensor([2040.132  2519.7598], shape=(2,), dtype=float32)"
"tf.Tensor([7582.5835 9299.665 ], shape=(2,), dtype=float32)"
"tf.Tensor([13051.619 17133.814], shape=(2,), dtype=float32)"
"tf.Tensor([17148.74 22780.6 ], shape=(2,), dtype=float32)"
"tf.Tensor([20719.084 28917.725], shape=(2,), dtype=float32)"
"tf.Tensor([23437.707 32931.414], shape=(2,), dtype=float32)"
"tf.Tensor([26079.186 34949.664], shape=(2,), dtype=float32)"
"tf.Tensor([26242.229 34539.492], shape=(2,), dtype=float32)"
"tf.Tensor([28994.816 36956.63 ], shape=(2,), dtype=float32)"
"tf.Tensor([25645.676 29582.072], shape=(2,), dtype=float32)"
"tf.Tensor([20751.256 23238.578], shape=(2,), dtype=float32)"
"tf.Tensor([20958.447 23383.   ], shape=(2,), dtype=float32)"
"tf.Tensor([23875.73  28924.271], shape=(2,), dtype=float32)"
"tf.Tensor([23285.922 30628.412], shape=(2,), dtype=float32)"
"tf.Tensor([20807.955 29260.498], shape=(2,), dtype=float32)"
"tf.Tensor([16537.973 24205.832], shape=(2,), dtype=float32)"
"tf.Tensor([14491.727 23785.916], shape=(2,), dtype=float32)"
"tf.Tensor([13163.777 22824.94 ], shape=(2,), dtype=float32)"
"tf.Tensor([ 8903.279 15855.757], shape=(2,), dtype=float32)"
"tf.Tensor([4878.505 8752.416], shape=(2,), dtype=float32)"
"tf.Tensor([2399.2344 3350.2312], shape=(2,), dtype=float32)"
"tf.Tensor([693.3143   0.    ], shape=(2,), dtype=float32)"
"tf.Tensor([502.5774   0.    ], shape=(2,), dtype=float32)"
"tf.Tensor([372.5886   0.    ], shape=(2,), dtype=float32)"
"tf.Tensor([193.44237   0.     ], shape=(2,), dtype=float32)"
"tf.Tensor([39.87789  0.     ], shape=(2,), dtype=float32)"
"tf.Tensor([19.282742  0.      ], shape=(2,), dtype=float32)"
"tf.Tensor([7.162607 0.      ], shape=(2,), dtype=float32)"
"tf.Tensor([30.17287  8.06245], shape=(2,), dtype=float32)"
"tf.Tensor([8.789036 0.      ], shape=(2,), dtype=float32)"
"tf.Tensor([9.391137 0.      ], shape=(2,), dtype=float32)"
"tf.Tensor([12.377015  0.      ], shape=(2,), dtype=float32)"
"tf.Tensor([11.77932  0.     ], shape=(2,), dtype=float32)"
"tf.Tensor([12.011183  0.      ], shape=(2,), dtype=float32)"
"tf.Tensor([8.892664 0.      ], shape=(2,), dtype=float32)"
"tf.Tensor([11.364937  0.      ], shape=(2,), dtype=float32)"
"tf.Tensor([8.896576 0.      ], shape=(2,), dtype=float32)"
"tf.Tensor([17.891953  0.      ], shape=(2,), dtype=float32)"
"tf.Tensor([16.37483  0.     ], shape=(2,), dtype=float32)"
"tf.Tensor([4.0211086 0.       ], shape=(2,), dtype=float32)"
"tf.Tensor([5.3068895 0.       ], shape=(2,), dtype=float32)"
"tf.Tensor([5.5934057 0.       ], shape=(2,), dtype=float32)"
"tf.Tensor([6.01261 0.     ], shape=(2,), dtype=float32)"
"tf.Tensor([24.746061  0.      ], shape=(2,), dtype=float32)"
"tf.Tensor([28.036493  0.      ], shape=(2,), dtype=float32)"
"tf.Tensor([6.8266478 0.       ], shape=(2,), dtype=float32)"
"tf.Tensor([4.474287 0.      ], shape=(2,), dtype=float32)"
"tf.Tensor([9.658115 0.      ], shape=(2,), dtype=float32)"
"tf.Tensor([2078.1157   511.61032], shape=(2,), dtype=float32)"
"tf.Tensor([2884.098    452.03647], shape=(2,), dtype=float32)"
"tf.Tensor([3200.481    409.12643], shape=(2,), dtype=float32)"
"tf.Tensor([3112.7947  361.8362], shape=(2,), dtype=float32)"
"tf.Tensor([3545.3943  393.6872], shape=(2,), dtype=float32)"
"tf.Tensor([3547.4226   392.12442], shape=(2,), dtype=float32)"
"tf.Tensor([3642.3953  416.4882], shape=(2,), dtype=float32)"
"tf.Tensor([3462.8916   424.73398], shape=(2,), dtype=float32)"
"tf.Tensor([3532.4624   416.82022], shape=(2,), dtype=float32)"
"tf.Tensor([3630.94    421.6722], shape=(2,), dtype=float32)"
"tf.Tensor([3666.8206   440.76627], shape=(2,), dtype=float32)"
"tf.Tensor([3692.537  403.387], shape=(2,), dtype=float32)"
"tf.Tensor([3804.4988   241.10892], shape=(2,), dtype=float32)"
"tf.Tensor([3508.716    0.   ], shape=(2,), dtype=float32)"
"tf.Tensor([3263.4358    0.    ], shape=(2,), dtype=float32)"
"tf.Tensor([2997.7068    0.    ], shape=(2,), dtype=float32)"
"tf.Tensor([2817.637    0.   ], shape=(2,), dtype=float32)"
"tf.Tensor([2435.6716    0.    ], shape=(2,), dtype=float32)"
"tf.Tensor([1945.5808    0.    ], shape=(2,), dtype=float32)"
"tf.Tensor([1146.5001    0.    ], shape=(2,), dtype=float32)"
"tf.Tensor([796.83264   0.     ], shape=(2,), dtype=float32)"
"tf.Tensor([832.0498   0.    ], shape=(2,), dtype=float32)"
"tf.Tensor([590.50757   0.     ], shape=(2,), dtype=float32)"
"tf.Tensor([381.25458   0.     ], shape=(2,), dtype=float32)"
"tf.Tensor([258.052   0.   ], shape=(2,), dtype=float32)"
"tf.Tensor([136.28325   0.     ], shape=(2,), dtype=float32)"
"tf.Tensor([23.240213  0.      ], shape=(2,), dtype=float32)"
"tf.Tensor([18.66917  0.     ], shape=(2,), dtype=float32)"
"tf.Tensor([11.388873  0.      ], shape=(2,), dtype=float32)"
"tf.Tensor([11.415836  0.      ], shape=(2,), dtype=float32)"
"tf.Tensor([21.812332  0.      ], shape=(2,), dtype=float32)"
"tf.Tensor([20.27307  0.     ], shape=(2,), dtype=float32)"
"tf.Tensor([16.940197  0.      ], shape=(2,), dtype=float32)"
"tf.Tensor([14.456219  0.      ], shape=(2,), dtype=float32)"
"tf.Tensor([16.941843  0.      ], shape=(2,), dtype=float32)"
"tf.Tensor([44.455826  0.      ], shape=(2,), dtype=float32)"
"tf.Tensor([177.66008   0.     ], shape=(2,), dtype=float32)"
"tf.Tensor([32.331604  0.      ], shape=(2,), dtype=float32)"
"tf.Tensor([33.902588  0.      ], shape=(2,), dtype=float32)"
"tf.Tensor([33.65016  0.     ], shape=(2,), dtype=float32)"
"tf.Tensor([27.659813  0.      ], shape=(2,), dtype=float32)"
"tf.Tensor([12.24226  0.     ], shape=(2,), dtype=float32)"
"tf.Tensor([15.758257  0.      ], shape=(2,), dtype=float32)"
"tf.Tensor([9.771174 0.      ], shape=(2,), dtype=float32)"
"tf.Tensor([4.734685 0.      ], shape=(2,), dtype=float32)"
"tf.Tensor([ 517.1281 1429.1292], shape=(2,), dtype=float32)"
"tf.Tensor([1068.8782 5097.8706], shape=(2,), dtype=float32)"
"tf.Tensor([1564.984 8645.951], shape=(2,), dtype=float32)"
"tf.Tensor([ 2249.1326 13755.987 ], shape=(2,), dtype=float32)"
"tf.Tensor([ 2673.0247 16635.396 ], shape=(2,), dtype=float32)"
"tf.Tensor([ 3088.4065 18574.92  ], shape=(2,), dtype=float32)"
"tf.Tensor([ 4212.668 20797.064], shape=(2,), dtype=float32)"
"tf.Tensor([ 7009.743 26995.176], shape=(2,), dtype=float32)"
"tf.Tensor([10201.631 25766.768], shape=(2,), dtype=float32)"
"tf.Tensor([13464.304 28415.746], shape=(2,), dtype=float32)"
"tf.Tensor([11184.398 33743.3  ], shape=(2,), dtype=float32)"
"tf.Tensor([ 6914.1934 27782.75  ], shape=(2,), dtype=float32)"
"tf.Tensor([ 4507.144 18972.02 ], shape=(2,), dtype=float32)"
"tf.Tensor([ 4702.9688 20194.066 ], shape=(2,), dtype=float32)"
"tf.Tensor([ 8018.562 25105.998], shape=(2,), dtype=float32)"
"tf.Tensor([ 7217.777 21645.158], shape=(2,), dtype=float32)"
"tf.Tensor([ 5937.074 16288.395], shape=(2,), dtype=float32)"
"tf.Tensor([ 4877.2705 13541.617 ], shape=(2,), dtype=float32)"
"tf.Tensor([3602.9214 9588.996 ], shape=(2,), dtype=float32)"
"tf.Tensor([2708.8147 7315.035 ], shape=(2,), dtype=float32)"
"tf.Tensor([1976.3342 5303.292 ], shape=(2,), dtype=float32)"
"tf.Tensor([1224.8561 3245.3362], shape=(2,), dtype=float32)"
"tf.Tensor([ 823.2418 2244.3154], shape=(2,), dtype=float32)"
"tf.Tensor([303.75452   0.     ], shape=(2,), dtype=float32)"
"tf.Tensor([30.354427  0.      ], shape=(2,), dtype=float32)"
"tf.Tensor([79.4018  0.    ], shape=(2,), dtype=float32)"
"tf.Tensor([54.974243  0.      ], shape=(2,), dtype=float32)"
"tf.Tensor([12.266638  0.      ], shape=(2,), dtype=float32)"
"tf.Tensor([8.759755 0.      ], shape=(2,), dtype=float32)"
"tf.Tensor([6.255627 0.      ], shape=(2,), dtype=float32)"
"tf.Tensor([12.398647  0.      ], shape=(2,), dtype=float32)"
"tf.Tensor([4.0730824 0.       ], shape=(2,), dtype=float32)"
"tf.Tensor([6.5080986 0.       ], shape=(2,), dtype=float32)"
"tf.Tensor([8.965166 0.      ], shape=(2,), dtype=float32)"
"tf.Tensor([7.5619526 0.       ], shape=(2,), dtype=float32)"
"tf.Tensor([9.481268 0.      ], shape=(2,), dtype=float32)"
"tf.Tensor([9.409813 0.      ], shape=(2,), dtype=float32)"
"tf.Tensor([12.703456  0.      ], shape=(2,), dtype=float32)"
"tf.Tensor([5.953417 0.      ], shape=(2,), dtype=float32)"
"tf.Tensor([9.855507 0.      ], shape=(2,), dtype=float32)"
"tf.Tensor([11.0648775  0.       ], shape=(2,), dtype=float32)"
"tf.Tensor([11.879606  0.      ], shape=(2,), dtype=float32)"
"tf.Tensor([13.377855  0.      ], shape=(2,), dtype=float32)"
"tf.Tensor([18.951368  0.      ], shape=(2,), dtype=float32)"
"tf.Tensor([8.189868 0.      ], shape=(2,), dtype=float32)"
"tf.Tensor([3.982155 0.      ], shape=(2,), dtype=float32)"
"tf.Tensor([7.973933 0.      ], shape=(2,), dtype=float32)"
"tf.Tensor([14.879656  0.      ], shape=(2,), dtype=float32)"
"tf.Tensor([162.01126 285.18588], shape=(2,), dtype=float32)"
"tf.Tensor([4016.1707 5006.562 ], shape=(2,), dtype=float32)"
"tf.Tensor([ 6952.6562 10641.243 ], shape=(2,), dtype=float32)"
"tf.Tensor([10172.369 15321.256], shape=(2,), dtype=float32)"
"tf.Tensor([12805.862 18891.117], shape=(2,), dtype=float32)"
"tf.Tensor([18773.285 27006.098], shape=(2,), dtype=float32)"
"tf.Tensor([23174.312 30745.016], shape=(2,), dtype=float32)"
"tf.Tensor([26007.135 33952.688], shape=(2,), dtype=float32)"
"tf.Tensor([29767.492 37102.12 ], shape=(2,), dtype=float32)"
"tf.Tensor([25164.752 28614.492], shape=(2,), dtype=float32)"
"tf.Tensor([23441.904 26457.23 ], shape=(2,), dtype=float32)"
"tf.Tensor([21017.723 20207.469], shape=(2,), dtype=float32)"
"tf.Tensor([18345.174 15503.375], shape=(2,), dtype=float32)"
"tf.Tensor([18029.043 15107.346], shape=(2,), dtype=float32)"
"tf.Tensor([20893.975 22714.348], shape=(2,), dtype=float32)"
"tf.Tensor([22044.139 26533.81 ], shape=(2,), dtype=float32)"
"tf.Tensor([21005.62  29336.938], shape=(2,), dtype=float32)"
"tf.Tensor([20383.963 32608.076], shape=(2,), dtype=float32)"
"tf.Tensor([17222.453 29247.773], shape=(2,), dtype=float32)"
"tf.Tensor([12811.275 22703.854], shape=(2,), dtype=float32)"
"tf.Tensor([ 8611.142 15840.811], shape=(2,), dtype=float32)"
"tf.Tensor([ 6242.5986 11304.671 ], shape=(2,), dtype=float32)"
"tf.Tensor([4194.314 7264.367], shape=(2,), dtype=float32)"
"tf.Tensor([2583.6406 3655.756 ], shape=(2,), dtype=float32)"
"tf.Tensor([1579.181  2238.5723], shape=(2,), dtype=float32)"
"tf.Tensor([492.25238   0.     ], shape=(2,), dtype=float32)"
"tf.Tensor([353.1366   0.    ], shape=(2,), dtype=float32)"
"tf.Tensor([206.95668   0.     ], shape=(2,), dtype=float32)"
"tf.Tensor([23.60103  0.     ], shape=(2,), dtype=float32)"
"tf.Tensor([20.764252  0.      ], shape=(2,), dtype=float32)"
"tf.Tensor([13.822434  0.      ], shape=(2,), dtype=float32)"
"tf.Tensor([7.588421 0.      ], shape=(2,), dtype=float32)"
"tf.Tensor([5.270479 0.      ], shape=(2,), dtype=float32)"
"tf.Tensor([9.444035 0.      ], shape=(2,), dtype=float32)"
"tf.Tensor([10.960859  0.      ], shape=(2,), dtype=float32)"
"tf.Tensor([5.8053603 0.       ], shape=(2,), dtype=float32)"
"tf.Tensor([5.093155 0.      ], shape=(2,), dtype=float32)"
"tf.Tensor([6.8939567 0.       ], shape=(2,), dtype=float32)"
"tf.Tensor([5.0100374 0.       ], shape=(2,), dtype=float32)"
"tf.Tensor([12.679775  0.      ], shape=(2,), dtype=float32)"
"tf.Tensor([9.979911 0.      ], shape=(2,), dtype=float32)"
"tf.Tensor([1.7133883 0.       ], shape=(2,), dtype=float32)"
"tf.Tensor([4.0507216 0.       ], shape=(2,), dtype=float32)"
"tf.Tensor([3.0863845 0.       ], shape=(2,), dtype=float32)"
"tf.Tensor([4.8844585 0.       ], shape=(2,), dtype=float32)"
"tf.Tensor([18.34961  0.     ], shape=(2,), dtype=float32)"
"tf.Tensor([15.786827  0.      ], shape=(2,), dtype=float32)"
"tf.Tensor([7.017153 0.      ], shape=(2,), dtype=float32)"
"tf.Tensor([672.0864 154.8773], shape=(2,), dtype=float32)"
"tf.Tensor([1303.8715  129.5931], shape=(2,), dtype=float32)"
"tf.Tensor([1812.9349   163.29488], shape=(2,), dtype=float32)"
"tf.Tensor([2108.8677    0.    ], shape=(2,), dtype=float32)"
"tf.Tensor([2133.9724    0.    ], shape=(2,), dtype=float32)"
"tf.Tensor([2382.569    0.   ], shape=(2,), dtype=float32)"
"tf.Tensor([2692.8962    0.    ], shape=(2,), dtype=float32)"
"tf.Tensor([2994.0537    0.    ], shape=(2,), dtype=float32)"
"tf.Tensor([3359.139    0.   ], shape=(2,), dtype=float32)"
"tf.Tensor([3355.699     77.94316], shape=(2,), dtype=float32)"
"tf.Tensor([3670.4563    0.    ], shape=(2,), dtype=float32)"
"tf.Tensor([3383.7144    0.    ], shape=(2,), dtype=float32)"
"tf.Tensor([3445.1416    0.    ], shape=(2,), dtype=float32)"
"tf.Tensor([3609.7126    0.    ], shape=(2,), dtype=float32)"
"tf.Tensor([3677.095   122.6826], shape=(2,), dtype=float32)"
"tf.Tensor([3356.4592    0.    ], shape=(2,), dtype=float32)"
"tf.Tensor([3189.236    0.   ], shape=(2,), dtype=float32)"
"tf.Tensor([3101.078    0.   ], shape=(2,), dtype=float32)"
"tf.Tensor([3328.1157    0.    ], shape=(2,), dtype=float32)"
"tf.Tensor([3495.9832    0.    ], shape=(2,), dtype=float32)"
"tf.Tensor([3457.3862    0.    ], shape=(2,), dtype=float32)"
"tf.Tensor([2819.9973    0.    ], shape=(2,), dtype=float32)"
"tf.Tensor([1839.326    0.   ], shape=(2,), dtype=float32)"
"tf.Tensor([1019.68945    0.     ], shape=(2,), dtype=float32)"
"tf.Tensor([894.7343   0.    ], shape=(2,), dtype=float32)"
"tf.Tensor([918.87213   0.     ], shape=(2,), dtype=float32)"
"tf.Tensor([566.78326   0.     ], shape=(2,), dtype=float32)"
"tf.Tensor([423.34833   0.     ], shape=(2,), dtype=float32)"
"tf.Tensor([392.07513   0.     ], shape=(2,), dtype=float32)"
"tf.Tensor([331.63312   0.     ], shape=(2,), dtype=float32)"
"tf.Tensor([198.04697   0.     ], shape=(2,), dtype=float32)"
"tf.Tensor([9.909975 0.      ], shape=(2,), dtype=float32)"
"tf.Tensor([48.83223  0.     ], shape=(2,), dtype=float32)"
"tf.Tensor([44.88791  0.     ], shape=(2,), dtype=float32)"
"tf.Tensor([25.688782  0.      ], shape=(2,), dtype=float32)"
"tf.Tensor([11.918145  0.      ], shape=(2,), dtype=float32)"
"tf.Tensor([12.461084  0.      ], shape=(2,), dtype=float32)"
"tf.Tensor([26.975094  0.      ], shape=(2,), dtype=float32)"
"tf.Tensor([20.086449  0.      ], shape=(2,), dtype=float32)"
"tf.Tensor([21.14061  0.     ], shape=(2,), dtype=float32)"
"tf.Tensor([17.679735  0.      ], shape=(2,), dtype=float32)"
"tf.Tensor([15.765104  0.      ], shape=(2,), dtype=float32)"
"tf.Tensor([18.436457  0.      ], shape=(2,), dtype=float32)"
"tf.Tensor([19.501589  0.      ], shape=(2,), dtype=float32)"
"tf.Tensor([11.091147  0.      ], shape=(2,), dtype=float32)"
"tf.Tensor([9.716203 0.      ], shape=(2,), dtype=float32)"
"tf.Tensor([6.7282443 0.       ], shape=(2,), dtype=float32)"
"tf.Tensor([6.7491956 0.       ], shape=(2,), dtype=float32)"
"tf.Tensor([12.447342  0.      ], shape=(2,), dtype=float32)"
"tf.Tensor([10.972931  0.      ], shape=(2,), dtype=float32)"
"tf.Tensor([11.160754  0.      ], shape=(2,), dtype=float32)"
"tf.Tensor([13.820372  0.      ], shape=(2,), dtype=float32)"
"tf.Tensor([ 827.65295 2211.931  ], shape=(2,), dtype=float32)"
"tf.Tensor([2318.3242 5787.9375], shape=(2,), dtype=float32)"
"tf.Tensor([ 2750.7183 10182.644 ], shape=(2,), dtype=float32)"
"tf.Tensor([ 4500.767 17021.727], shape=(2,), dtype=float32)"
"tf.Tensor([ 5634.372 21109.316], shape=(2,), dtype=float32)"
"tf.Tensor([ 9351.1875 23263.021 ], shape=(2,), dtype=float32)"
"tf.Tensor([10657.172 25250.932], shape=(2,), dtype=float32)"
"tf.Tensor([13005.264 28798.512], shape=(2,), dtype=float32)"
"tf.Tensor([16215.531 33501.97 ], shape=(2,), dtype=float32)"
"tf.Tensor([17985.787 36074.11 ], shape=(2,), dtype=float32)"
"tf.Tensor([17672.846 35226.51 ], shape=(2,), dtype=float32)"
"tf.Tensor([16041.594 32465.377], shape=(2,), dtype=float32)"
"tf.Tensor([14836.092 31377.   ], shape=(2,), dtype=float32)"
"tf.Tensor([11724.291 26454.115], shape=(2,), dtype=float32)"
"tf.Tensor([ 9594.5625 23611.77  ], shape=(2,), dtype=float32)"
"tf.Tensor([ 5143.7476 19952.738 ], shape=(2,), dtype=float32)"
"tf.Tensor([ 4315.5386 18293.635 ], shape=(2,), dtype=float32)"
"tf.Tensor([ 6553.538 18492.934], shape=(2,), dtype=float32)"
"tf.Tensor([ 5839.687 15886.314], shape=(2,), dtype=float32)"
"tf.Tensor([ 4406.2603 11938.971 ], shape=(2,), dtype=float32)"
"tf.Tensor([3254.444 8954.205], shape=(2,), dtype=float32)"
"tf.Tensor([2446.672 6564.862], shape=(2,), dtype=float32)"
"tf.Tensor([1739.2196 4707.3896], shape=(2,), dtype=float32)"
"tf.Tensor([1021.30664 2752.5576 ], shape=(2,), dtype=float32)"
"tf.Tensor([385.41278   0.     ], shape=(2,), dtype=float32)"
"tf.Tensor([341.8067   0.    ], shape=(2,), dtype=float32)"
"tf.Tensor([145.60204   0.     ], shape=(2,), dtype=float32)"
"tf.Tensor([90.484795  0.      ], shape=(2,), dtype=float32)"
"tf.Tensor([24.111244  0.      ], shape=(2,), dtype=float32)"
"tf.Tensor([18.914091  0.      ], shape=(2,), dtype=float32)"
"tf.Tensor([27.134434 27.523363], shape=(2,), dtype=float32)"
"tf.Tensor([15.520287  0.      ], shape=(2,), dtype=float32)"
"tf.Tensor([24.9167   22.392794], shape=(2,), dtype=float32)"
"tf.Tensor([12.544712  0.      ], shape=(2,), dtype=float32)"
"tf.Tensor([11.990223  0.      ], shape=(2,), dtype=float32)"
"tf.Tensor([13.66964  0.     ], shape=(2,), dtype=float32)"
"tf.Tensor([5.859084 0.      ], shape=(2,), dtype=float32)"
"tf.Tensor([13.13526  0.     ], shape=(2,), dtype=float32)"
"tf.Tensor([6.247427 0.      ], shape=(2,), dtype=float32)"
"tf.Tensor([1.9128417 0.       ], shape=(2,), dtype=float32)"
"tf.Tensor([6.348572 0.      ], shape=(2,), dtype=float32)"
"tf.Tensor([7.049143 0.      ], shape=(2,), dtype=float32)"
"tf.Tensor([9.58378 0.     ], shape=(2,), dtype=float32)"
"tf.Tensor([24.280241  0.      ], shape=(2,), dtype=float32)"
"tf.Tensor([33.16709  0.     ], shape=(2,), dtype=float32)"
"tf.Tensor([64.00179  0.     ], shape=(2,), dtype=float32)"
"tf.Tensor([88.063545  0.      ], shape=(2,), dtype=float32)"
"tf.Tensor([106.26676   0.     ], shape=(2,), dtype=float32)"
"tf.Tensor([118.94961   0.     ], shape=(2,), dtype=float32)"
"tf.Tensor([97.79406  0.     ], shape=(2,), dtype=float32)"
"tf.Tensor([94.18067  0.     ], shape=(2,), dtype=float32)"
"tf.Tensor([95.883354  0.      ], shape=(2,), dtype=float32)"
"tf.Tensor([100.73946   0.     ], shape=(2,), dtype=float32)"
"tf.Tensor([101.21398   0.     ], shape=(2,), dtype=float32)"
"tf.Tensor([108.32635   0.     ], shape=(2,), dtype=float32)"
"tf.Tensor([104.51069   0.     ], shape=(2,), dtype=float32)"
"tf.Tensor([101.83369   0.     ], shape=(2,), dtype=float32)"
"tf.Tensor([90.36137  0.     ], shape=(2,), dtype=float32)"
"tf.Tensor([81.37311  0.     ], shape=(2,), dtype=float32)"
"tf.Tensor([66.20061  0.     ], shape=(2,), dtype=float32)"
"tf.Tensor([57.731613  0.      ], shape=(2,), dtype=float32)"
"tf.Tensor([51.974594  0.      ], shape=(2,), dtype=float32)"
"tf.Tensor([44.079872  0.      ], shape=(2,), dtype=float32)"
"tf.Tensor([27.765896  0.      ], shape=(2,), dtype=float32)"
"tf.Tensor([18.26394  0.     ], shape=(2,), dtype=float32)"
"tf.Tensor([17.260365  0.      ], shape=(2,), dtype=float32)"
"tf.Tensor([14.276184  0.      ], shape=(2,), dtype=float32)"
"tf.Tensor([14.3488865  0.       ], shape=(2,), dtype=float32)"
"tf.Tensor([8.413002 0.      ], shape=(2,), dtype=float32)"
"tf.Tensor([6.0719357 0.       ], shape=(2,), dtype=float32)"
"tf.Tensor([14.742571  0.      ], shape=(2,), dtype=float32)"
"tf.Tensor([12.830009  0.      ], shape=(2,), dtype=float32)"
"tf.Tensor([74.99139  0.     ], shape=(2,), dtype=float32)"
"tf.Tensor([75.43433  0.     ], shape=(2,), dtype=float32)"
"tf.Tensor([35.913616  0.      ], shape=(2,), dtype=float32)"
"tf.Tensor([23.422009  0.      ], shape=(2,), dtype=float32)"
"tf.Tensor([14.460743  0.      ], shape=(2,), dtype=float32)"
"tf.Tensor([9.525166 0.      ], shape=(2,), dtype=float32)"
"tf.Tensor([12.720352  0.      ], shape=(2,), dtype=float32)"
"tf.Tensor([9.436197 0.      ], shape=(2,), dtype=float32)"
"tf.Tensor([9.538793 0.      ], shape=(2,), dtype=float32)"
"tf.Tensor([0.04950603 0.        ], shape=(2,), dtype=float32)"
"tf.Tensor([6.8875656 0.       ], shape=(2,), dtype=float32)"
"tf.Tensor([3.373606 0.      ], shape=(2,), dtype=float32)"
"tf.Tensor([4.234314 0.      ], shape=(2,), dtype=float32)"
"tf.Tensor([8.455914 0.      ], shape=(2,), dtype=float32)"
"tf.Tensor([4.12387 0.     ], shape=(2,), dtype=float32)"
"tf.Tensor([2.021961 0.      ], shape=(2,), dtype=float32)"
"tf.Tensor([6.22779 0.     ], shape=(2,), dtype=float32)"
"tf.Tensor([7.8196983 0.       ], shape=(2,), dtype=float32)"
"tf.Tensor([13.022047  0.      ], shape=(2,), dtype=float32)"
"tf.Tensor([13.60655  0.     ], shape=(2,), dtype=float32)"
"tf.Tensor([11.568978  0.      ], shape=(2,), dtype=float32)"
"tf.Tensor([8.896546 0.      ], shape=(2,), dtype=float32)"
"tf.Tensor([1000.27856  378.56165], shape=(2,), dtype=float32)"
"tf.Tensor([4908.353  1319.2861], shape=(2,), dtype=float32)"
"tf.Tensor([8106.425 2338.981], shape=(2,), dtype=float32)"
"tf.Tensor([9301.775  2377.6978], shape=(2,), dtype=float32)"
"tf.Tensor([8150.9414 1663.2035], shape=(2,), dtype=float32)"
"tf.Tensor([8468.999  1683.7954], shape=(2,), dtype=float32)"
"tf.Tensor([9622.169  2234.8462], shape=(2,), dtype=float32)"
"tf.Tensor([10507.697   2450.2153], shape=(2,), dtype=float32)"
"tf.Tensor([10079.336   2370.0894], shape=(2,), dtype=float32)"
"tf.Tensor([10328.596   2443.2803], shape=(2,), dtype=float32)"
"tf.Tensor([9488.763  2090.9133], shape=(2,), dtype=float32)"
"tf.Tensor([8851.582  1589.9158], shape=(2,), dtype=float32)"
"tf.Tensor([7116.6953  865.04  ], shape=(2,), dtype=float32)"
"tf.Tensor([5985.0117  690.2548], shape=(2,), dtype=float32)"
"tf.Tensor([4966.0728   421.29242], shape=(2,), dtype=float32)"
"tf.Tensor([4155.014     33.54893], shape=(2,), dtype=float32)"
"tf.Tensor([3870.3906    0.    ], shape=(2,), dtype=float32)"
"tf.Tensor([3543.2024    0.    ], shape=(2,), dtype=float32)"
"tf.Tensor([3436.1934    0.    ], shape=(2,), dtype=float32)"
"tf.Tensor([2908.9192    0.    ], shape=(2,), dtype=float32)"
"tf.Tensor([2418.84    0.  ], shape=(2,), dtype=float32)"
"tf.Tensor([1126.369    0.   ], shape=(2,), dtype=float32)"
"tf.Tensor([688.9592   0.    ], shape=(2,), dtype=float32)"
"tf.Tensor([779.92944   0.     ], shape=(2,), dtype=float32)"
"tf.Tensor([613.30334   0.     ], shape=(2,), dtype=float32)"
"tf.Tensor([435.6761   0.    ], shape=(2,), dtype=float32)"
"tf.Tensor([264.67773   0.     ], shape=(2,), dtype=float32)"
"tf.Tensor([110.346405   0.      ], shape=(2,), dtype=float32)"
"tf.Tensor([8.911416 0.      ], shape=(2,), dtype=float32)"
"tf.Tensor([12.542484  0.      ], shape=(2,), dtype=float32)"
"tf.Tensor([33.55617  0.     ], shape=(2,), dtype=float32)"
"tf.Tensor([45.802475  0.      ], shape=(2,), dtype=float32)"
"tf.Tensor([13.729308  0.      ], shape=(2,), dtype=float32)"
"tf.Tensor([10.998751  0.      ], shape=(2,), dtype=float32)"
"tf.Tensor([8.866832 0.      ], shape=(2,), dtype=float32)"
"tf.Tensor([9.944484 0.      ], shape=(2,), dtype=float32)"
"tf.Tensor([5.711315 0.      ], shape=(2,), dtype=float32)"
"tf.Tensor([8.520599 0.      ], shape=(2,), dtype=float32)"
"tf.Tensor([16.910612  0.      ], shape=(2,), dtype=float32)"
"tf.Tensor([13.840506  0.      ], shape=(2,), dtype=float32)"
"tf.Tensor([13.335451  0.      ], shape=(2,), dtype=float32)"
"tf.Tensor([13.734393  0.      ], shape=(2,), dtype=float32)"
"tf.Tensor([14.560203  0.      ], shape=(2,), dtype=float32)"
"tf.Tensor([36.818592  0.      ], shape=(2,), dtype=float32)"
"tf.Tensor([40.851612  0.      ], shape=(2,), dtype=float32)"
"tf.Tensor([62.34794  0.     ], shape=(2,), dtype=float32)"
"tf.Tensor([74.10677  0.     ], shape=(2,), dtype=float32)"
"tf.Tensor([102.768486   0.      ], shape=(2,), dtype=float32)"
"tf.Tensor([105.68253   0.     ], shape=(2,), dtype=float32)"
"tf.Tensor([102.26113   0.     ], shape=(2,), dtype=float32)"
"tf.Tensor([107.82531   0.     ], shape=(2,), dtype=float32)"
"tf.Tensor([101.17237   0.     ], shape=(2,), dtype=float32)"
"tf.Tensor([87.76975  0.     ], shape=(2,), dtype=float32)"
"tf.Tensor([87.07198  0.     ], shape=(2,), dtype=float32)"
"tf.Tensor([90.102135  0.      ], shape=(2,), dtype=float32)"
"tf.Tensor([75.8561  0.    ], shape=(2,), dtype=float32)"
"tf.Tensor([65.24996  0.     ], shape=(2,), dtype=float32)"
"tf.Tensor([52.156654  0.      ], shape=(2,), dtype=float32)"
"tf.Tensor([41.545395  0.      ], shape=(2,), dtype=float32)"
"tf.Tensor([33.794823  0.      ], shape=(2,), dtype=float32)"
"tf.Tensor([32.089455  0.      ], shape=(2,), dtype=float32)"
"tf.Tensor([28.485863  0.      ], shape=(2,), dtype=float32)"
"tf.Tensor([17.030325  0.      ], shape=(2,), dtype=float32)"
"tf.Tensor([14.26808  0.     ], shape=(2,), dtype=float32)"
"tf.Tensor([34.86394  0.     ], shape=(2,), dtype=float32)"
"tf.Tensor([7.705559 0.      ], shape=(2,), dtype=float32)"
"tf.Tensor([4.41458 0.     ], shape=(2,), dtype=float32)"
"tf.Tensor([6.872999 0.      ], shape=(2,), dtype=float32)"
"tf.Tensor([6.1023264 0.       ], shape=(2,), dtype=float32)"
"tf.Tensor([3.7664192 0.       ], shape=(2,), dtype=float32)"
"tf.Tensor([7.7191906 0.       ], shape=(2,), dtype=float32)"
"tf.Tensor([5.436454 0.      ], shape=(2,), dtype=float32)"
"tf.Tensor([5.625738 0.      ], shape=(2,), dtype=float32)"
"tf.Tensor([6.049139 0.      ], shape=(2,), dtype=float32)"
"tf.Tensor([10.491334  0.      ], shape=(2,), dtype=float32)"
"tf.Tensor([13.623617  0.      ], shape=(2,), dtype=float32)"
"tf.Tensor([7.6374407 0.       ], shape=(2,), dtype=float32)"
"tf.Tensor([0.39950642 0.        ], shape=(2,), dtype=float32)"
"tf.Tensor([8.504318 0.      ], shape=(2,), dtype=float32)"
"tf.Tensor([12.336676  0.      ], shape=(2,), dtype=float32)"
"tf.Tensor([12.9958  0.    ], shape=(2,), dtype=float32)"
"tf.Tensor([13.907433  0.      ], shape=(2,), dtype=float32)"
"tf.Tensor([14.789314  0.      ], shape=(2,), dtype=float32)"
"tf.Tensor([11.343594  0.      ], shape=(2,), dtype=float32)"
"tf.Tensor([8.304544 0.      ], shape=(2,), dtype=float32)"
"tf.Tensor([7.0744915 0.       ], shape=(2,), dtype=float32)"
"tf.Tensor([13.028606  0.      ], shape=(2,), dtype=float32)"
"tf.Tensor([16.87849  0.     ], shape=(2,), dtype=float32)"
"tf.Tensor([26.195389  0.      ], shape=(2,), dtype=float32)"
"tf.Tensor([31.336601  0.      ], shape=(2,), dtype=float32)"
"tf.Tensor([43.29875  0.     ], shape=(2,), dtype=float32)"
"tf.Tensor([75.599915  0.      ], shape=(2,), dtype=float32)"
"tf.Tensor([84.48818  0.     ], shape=(2,), dtype=float32)"
"tf.Tensor([88.078606  0.      ], shape=(2,), dtype=float32)"
"tf.Tensor([82.58959  0.     ], shape=(2,), dtype=float32)"
"tf.Tensor([84.921394  0.      ], shape=(2,), dtype=float32)"
"tf.Tensor([76.9121  0.    ], shape=(2,), dtype=float32)"
"tf.Tensor([79.58487  0.     ], shape=(2,), dtype=float32)"
"tf.Tensor([70.24319  0.     ], shape=(2,), dtype=float32)"
"tf.Tensor([69.72722  0.     ], shape=(2,), dtype=float32)"
"tf.Tensor([66.36523  0.     ], shape=(2,), dtype=float32)"
"tf.Tensor([58.295387  0.      ], shape=(2,), dtype=float32)"
"tf.Tensor([49.355858  0.      ], shape=(2,), dtype=float32)"
"tf.Tensor([43.54928  0.     ], shape=(2,), dtype=float32)"
"tf.Tensor([34.281044  0.      ], shape=(2,), dtype=float32)"
"tf.Tensor([29.833626  0.      ], shape=(2,), dtype=float32)"
"tf.Tensor([22.271763  0.      ], shape=(2,), dtype=float32)"
"tf.Tensor([23.412992  0.      ], shape=(2,), dtype=float32)"
"tf.Tensor([18.064426  0.      ], shape=(2,), dtype=float32)"
"tf.Tensor([13.734686  0.      ], shape=(2,), dtype=float32)"
"tf.Tensor([4.6578217 0.       ], shape=(2,), dtype=float32)"
"tf.Tensor([9.531592 0.      ], shape=(2,), dtype=float32)"
"tf.Tensor([14.617533  0.      ], shape=(2,), dtype=float32)"
"tf.Tensor([5.0465174 0.       ], shape=(2,), dtype=float32)"
"tf.Tensor([7.214034 0.      ], shape=(2,), dtype=float32)"
"tf.Tensor([6.1674786 0.       ], shape=(2,), dtype=float32)"
"tf.Tensor([7.1687145 0.       ], shape=(2,), dtype=float32)"
"tf.Tensor([8.56599 0.     ], shape=(2,), dtype=float32)"
"tf.Tensor([13.221531  0.      ], shape=(2,), dtype=float32)"
"tf.Tensor([14.806633  0.      ], shape=(2,), dtype=float32)"
"tf.Tensor([14.563095  0.      ], shape=(2,), dtype=float32)"
"tf.Tensor([11.697221  0.      ], shape=(2,), dtype=float32)"
"tf.Tensor([16.565655  0.      ], shape=(2,), dtype=float32)"
"tf.Tensor([14.80489  0.     ], shape=(2,), dtype=float32)"
"tf.Tensor([12.637966  0.      ], shape=(2,), dtype=float32)"
"tf.Tensor([7.633873 0.      ], shape=(2,), dtype=float32)"
"tf.Tensor([5.880645 0.      ], shape=(2,), dtype=float32)"
"tf.Tensor([8.614809 0.      ], shape=(2,), dtype=float32)"
"tf.Tensor([7.967285 0.      ], shape=(2,), dtype=float32)"
"tf.Tensor([10.863705  0.      ], shape=(2,), dtype=float32)"
"tf.Tensor([1.8265284 0.       ], shape=(2,), dtype=float32)"
"tf.Tensor([3.9692252 0.       ], shape=(2,), dtype=float32)"
"tf.Tensor([6.656641 0.      ], shape=(2,), dtype=float32)"
"tf.Tensor([7.500103 0.      ], shape=(2,), dtype=float32)"
"tf.Tensor([746.81915 320.68665], shape=(2,), dtype=float32)"
"tf.Tensor([3517.4846   768.31647], shape=(2,), dtype=float32)"
"tf.Tensor([6606.981 1391.738], shape=(2,), dtype=float32)"
"tf.Tensor([8796.804  2056.4639], shape=(2,), dtype=float32)"
"tf.Tensor([10679.256   2771.4688], shape=(2,), dtype=float32)"
"tf.Tensor([13662.195  4608.59 ], shape=(2,), dtype=float32)"
"tf.Tensor([19539.26   8903.596], shape=(2,), dtype=float32)"
"tf.Tensor([24249.857 12121.457], shape=(2,), dtype=float32)"
"tf.Tensor([26467.758 13703.712], shape=(2,), dtype=float32)"
"tf.Tensor([27554.258 14166.903], shape=(2,), dtype=float32)"
"tf.Tensor([28658.385 14640.661], shape=(2,), dtype=float32)"
"tf.Tensor([28511.402 14142.326], shape=(2,), dtype=float32)"
"tf.Tensor([25176.965 11658.172], shape=(2,), dtype=float32)"
"tf.Tensor([19194.24   7588.833], shape=(2,), dtype=float32)"
"tf.Tensor([14255.227   4023.1812], shape=(2,), dtype=float32)"
"tf.Tensor([9055.779 1580.719], shape=(2,), dtype=float32)"
"tf.Tensor([5846.6963  670.2331], shape=(2,), dtype=float32)"
"tf.Tensor([4090.0625   257.58344], shape=(2,), dtype=float32)"
"tf.Tensor([3409.6729    0.    ], shape=(2,), dtype=float32)"
"tf.Tensor([3170.512    0.   ], shape=(2,), dtype=float32)"
"tf.Tensor([2845.74    0.  ], shape=(2,), dtype=float32)"
"tf.Tensor([2415.6475    0.    ], shape=(2,), dtype=float32)"
"tf.Tensor([1976.3632    0.    ], shape=(2,), dtype=float32)"
"tf.Tensor([1014.7129    0.    ], shape=(2,), dtype=float32)"
"tf.Tensor([763.9424   0.    ], shape=(2,), dtype=float32)"
"tf.Tensor([899.2879   0.    ], shape=(2,), dtype=float32)"
"tf.Tensor([813.86365   0.     ], shape=(2,), dtype=float32)"
"tf.Tensor([601.8338   0.    ], shape=(2,), dtype=float32)"
"tf.Tensor([425.33972   0.     ], shape=(2,), dtype=float32)"
"tf.Tensor([183.48143   0.     ], shape=(2,), dtype=float32)"
"tf.Tensor([36.208202  0.      ], shape=(2,), dtype=float32)"
"tf.Tensor([20.235464  0.      ], shape=(2,), dtype=float32)"
"tf.Tensor([43.342133  0.      ], shape=(2,), dtype=float32)"
"tf.Tensor([46.40822  0.     ], shape=(2,), dtype=float32)"
"tf.Tensor([16.693905  0.      ], shape=(2,), dtype=float32)"
"tf.Tensor([8.351921 0.      ], shape=(2,), dtype=float32)"
"tf.Tensor([9.191639 0.      ], shape=(2,), dtype=float32)"
"tf.Tensor([2.0805643 0.       ], shape=(2,), dtype=float32)"
"tf.Tensor([2.8489015 0.       ], shape=(2,), dtype=float32)"
"tf.Tensor([7.583857 0.      ], shape=(2,), dtype=float32)"
"tf.Tensor([5.9775352 0.       ], shape=(2,), dtype=float32)"
"tf.Tensor([5.26904 0.     ], shape=(2,), dtype=float32)"
"tf.Tensor([7.440711 0.      ], shape=(2,), dtype=float32)"
"tf.Tensor([2.0543907 0.       ], shape=(2,), dtype=float32)"
"tf.Tensor([1572.5468  561.1994], shape=(2,), dtype=float32)"
"tf.Tensor([6665.8145 2952.8525], shape=(2,), dtype=float32)"
"tf.Tensor([12922.813  5773.153], shape=(2,), dtype=float32)"
"tf.Tensor([15767.814  6724.769], shape=(2,), dtype=float32)"
"tf.Tensor([17814.197  7335.601], shape=(2,), dtype=float32)"
"tf.Tensor([18405.717  7456.645], shape=(2,), dtype=float32)"
"tf.Tensor([18104.28  7344.95], shape=(2,), dtype=float32)"
"tf.Tensor([18405.719   7356.3003], shape=(2,), dtype=float32)"
"tf.Tensor([17940.344   6977.4297], shape=(2,), dtype=float32)"
"tf.Tensor([16958.691  6559.428], shape=(2,), dtype=float32)"
"tf.Tensor([16515.057   6094.1416], shape=(2,), dtype=float32)"
"tf.Tensor([14159.669   4404.2935], shape=(2,), dtype=float32)"
"tf.Tensor([12092.309   3336.9695], shape=(2,), dtype=float32)"
"tf.Tensor([9430.16   2059.2307], shape=(2,), dtype=float32)"
"tf.Tensor([6052.624  748.764], shape=(2,), dtype=float32)"
"tf.Tensor([4800.2646  578.9465], shape=(2,), dtype=float32)"
"tf.Tensor([3626.321      79.012924], shape=(2,), dtype=float32)"
"tf.Tensor([3394.8523    0.    ], shape=(2,), dtype=float32)"
"tf.Tensor([3102.8997    0.    ], shape=(2,), dtype=float32)"
"tf.Tensor([2801.1636    0.    ], shape=(2,), dtype=float32)"
"tf.Tensor([2251.503    0.   ], shape=(2,), dtype=float32)"
"tf.Tensor([1815.2837    0.    ], shape=(2,), dtype=float32)"
"tf.Tensor([955.55225   0.     ], shape=(2,), dtype=float32)"
"tf.Tensor([896.04156   0.     ], shape=(2,), dtype=float32)"
"tf.Tensor([901.38684   0.     ], shape=(2,), dtype=float32)"
"tf.Tensor([742.70074   0.     ], shape=(2,), dtype=float32)"
"tf.Tensor([480.60272   0.     ], shape=(2,), dtype=float32)"
"tf.Tensor([291.73004   0.     ], shape=(2,), dtype=float32)"
"tf.Tensor([136.73613   0.     ], shape=(2,), dtype=float32)"
"tf.Tensor([67.315544  0.      ], shape=(2,), dtype=float32)"
"tf.Tensor([42.850567  0.      ], shape=(2,), dtype=float32)"
"tf.Tensor([46.65592  32.203182], shape=(2,), dtype=float32)"
"tf.Tensor([39.449783 21.18141 ], shape=(2,), dtype=float32)"
"tf.Tensor([17.32769  0.     ], shape=(2,), dtype=float32)"
"tf.Tensor([19.053759  0.      ], shape=(2,), dtype=float32)"
"tf.Tensor([43.13667  32.826504], shape=(2,), dtype=float32)"
"tf.Tensor([12.283198  0.      ], shape=(2,), dtype=float32)"
"tf.Tensor([3.9424636 0.       ], shape=(2,), dtype=float32)"
"tf.Tensor([8.816679 0.      ], shape=(2,), dtype=float32)"
"tf.Tensor([14.746426  0.      ], shape=(2,), dtype=float32)"
"tf.Tensor([5.220266 0.      ], shape=(2,), dtype=float32)"
"tf.Tensor([5.0354238 0.       ], shape=(2,), dtype=float32)"
"tf.Tensor([1.9232138 0.       ], shape=(2,), dtype=float32)"
"tf.Tensor([2.4062517 0.       ], shape=(2,), dtype=float32)"
"tf.Tensor([10.093325  0.      ], shape=(2,), dtype=float32)"
"tf.Tensor([ 815.1687 2313.407 ], shape=(2,), dtype=float32)"
"tf.Tensor([2225.3608 6132.2754], shape=(2,), dtype=float32)"
"tf.Tensor([ 3941.414 11070.365], shape=(2,), dtype=float32)"
"tf.Tensor([ 4693.4707 13613.859 ], shape=(2,), dtype=float32)"
"tf.Tensor([ 3502.636 14658.723], shape=(2,), dtype=float32)"
"tf.Tensor([ 3841.9177 14786.165 ], shape=(2,), dtype=float32)"
"tf.Tensor([ 5707.8813 14347.377 ], shape=(2,), dtype=float32)"
"tf.Tensor([ 6444.601 16039.913], shape=(2,), dtype=float32)"
"tf.Tensor([ 6650.916 16460.654], shape=(2,), dtype=float32)"
"tf.Tensor([ 7657.5894 19070.877 ], shape=(2,), dtype=float32)"
"tf.Tensor([ 9632.832 23219.705], shape=(2,), dtype=float32)"
"tf.Tensor([11667.133 26476.475], shape=(2,), dtype=float32)"
"tf.Tensor([12111.057 27543.084], shape=(2,), dtype=float32)"
"tf.Tensor([10534.272 25814.78 ], shape=(2,), dtype=float32)"
"tf.Tensor([ 5766.618 22855.885], shape=(2,), dtype=float32)"
"tf.Tensor([ 4505.619 20529.188], shape=(2,), dtype=float32)"
"tf.Tensor([ 3667.4856 18446.715 ], shape=(2,), dtype=float32)"
"tf.Tensor([ 8005.184 22512.256], shape=(2,), dtype=float32)"
"tf.Tensor([ 6986.0557 19081.7   ], shape=(2,), dtype=float32)"
"tf.Tensor([ 6154.631 16431.635], shape=(2,), dtype=float32)"
"tf.Tensor([ 4535.519 12308.795], shape=(2,), dtype=float32)"
"tf.Tensor([3272.4514 9116.632 ], shape=(2,), dtype=float32)"
"tf.Tensor([2445.6018 6650.2476], shape=(2,), dtype=float32)"
"tf.Tensor([2026.4559 5462.16  ], shape=(2,), dtype=float32)"
"tf.Tensor([1055.9675 2795.8813], shape=(2,), dtype=float32)"
"tf.Tensor([356.38275   0.     ], shape=(2,), dtype=float32)"
"tf.Tensor([349.46414   0.     ], shape=(2,), dtype=float32)"
"tf.Tensor([212.22467   0.     ], shape=(2,), dtype=float32)"
"tf.Tensor([117.812355   0.      ], shape=(2,), dtype=float32)"
"tf.Tensor([26.984514  0.      ], shape=(2,), dtype=float32)"
"tf.Tensor([43.54132  0.     ], shape=(2,), dtype=float32)"
"tf.Tensor([13.590065  0.      ], shape=(2,), dtype=float32)"
"tf.Tensor([12.060089  0.      ], shape=(2,), dtype=float32)"
"tf.Tensor([8.743701 0.      ], shape=(2,), dtype=float32)"
"tf.Tensor([0.8891986 0.       ], shape=(2,), dtype=float32)"
"tf.Tensor([3.6905258 0.       ], shape=(2,), dtype=float32)"
"tf.Tensor([13.030085  0.      ], shape=(2,), dtype=float32)"
"tf.Tensor([14.405136  0.      ], shape=(2,), dtype=float32)"
"tf.Tensor([13.27339  0.     ], shape=(2,), dtype=float32)"
"tf.Tensor([13.190144  0.      ], shape=(2,), dtype=float32)"
"tf.Tensor([14.059374  0.      ], shape=(2,), dtype=float32)"
"tf.Tensor([11.970565  0.      ], shape=(2,), dtype=float32)"
"tf.Tensor([10.7724  0.    ], shape=(2,), dtype=float32)"
"tf.Tensor([319.37756  121.397026], shape=(2,), dtype=float32)"
"tf.Tensor([3476.009  1497.2316], shape=(2,), dtype=float32)"
"tf.Tensor([8588.515 4219.093], shape=(2,), dtype=float32)"
"tf.Tensor([13406.969   6628.0806], shape=(2,), dtype=float32)"
"tf.Tensor([16082.766   7220.6313], shape=(2,), dtype=float32)"
"tf.Tensor([15650.666  6079.767], shape=(2,), dtype=float32)"
"tf.Tensor([15639.018   6093.5815], shape=(2,), dtype=float32)"
"tf.Tensor([16298.066   6410.9043], shape=(2,), dtype=float32)"
"tf.Tensor([15903.53   6051.378], shape=(2,), dtype=float32)"
"tf.Tensor([15743.787   6178.8447], shape=(2,), dtype=float32)"
"tf.Tensor([16627.496  6662.673], shape=(2,), dtype=float32)"
"tf.Tensor([15971.309   6131.3057], shape=(2,), dtype=float32)"
"tf.Tensor([14031.85   4962.873], shape=(2,), dtype=float32)"
"tf.Tensor([12440.768   3731.6738], shape=(2,), dtype=float32)"
"tf.Tensor([11104.203   3097.5464], shape=(2,), dtype=float32)"
"tf.Tensor([9549.392 2405.558], shape=(2,), dtype=float32)"
"tf.Tensor([7956.8477 1630.4587], shape=(2,), dtype=float32)"
"tf.Tensor([5680.746   663.0996], shape=(2,), dtype=float32)"
"tf.Tensor([4764.1646   580.43646], shape=(2,), dtype=float32)"
"tf.Tensor([3951.3875   350.70828], shape=(2,), dtype=float32)"
"tf.Tensor([3224.9988    0.    ], shape=(2,), dtype=float32)"
"tf.Tensor([3072.2961    0.    ], shape=(2,), dtype=float32)"
"tf.Tensor([2652.3406    0.    ], shape=(2,), dtype=float32)"
"tf.Tensor([2398.969    0.   ], shape=(2,), dtype=float32)"
"tf.Tensor([2013.7788    0.    ], shape=(2,), dtype=float32)"
"tf.Tensor([1333.9147    0.    ], shape=(2,), dtype=float32)"
"tf.Tensor([637.3932   0.    ], shape=(2,), dtype=float32)"
"tf.Tensor([721.614   0.   ], shape=(2,), dtype=float32)"
"tf.Tensor([575.8379   0.    ], shape=(2,), dtype=float32)"
"tf.Tensor([326.32483   0.     ], shape=(2,), dtype=float32)"
"tf.Tensor([79.57337  0.     ], shape=(2,), dtype=float32)"
"tf.Tensor([38.00994  0.     ], shape=(2,), dtype=float32)"
"tf.Tensor([14.866388  0.      ], shape=(2,), dtype=float32)"
"tf.Tensor([11.638662  0.      ], shape=(2,), dtype=float32)"
"tf.Tensor([17.119488  0.      ], shape=(2,), dtype=float32)"
"tf.Tensor([11.280973  0.      ], shape=(2,), dtype=float32)"
"tf.Tensor([11.110099  0.      ], shape=(2,), dtype=float32)"
"tf.Tensor([11.732247  0.      ], shape=(2,), dtype=float32)"
"tf.Tensor([10.453806  0.      ], shape=(2,), dtype=float32)"
"tf.Tensor([7.0578575 0.       ], shape=(2,), dtype=float32)"
"tf.Tensor([7.7769613 0.       ], shape=(2,), dtype=float32)"
"tf.Tensor([8.170595 0.      ], shape=(2,), dtype=float32)"
"tf.Tensor([941.11206 400.10873], shape=(2,), dtype=float32)"
"tf.Tensor([4694.9995 2295.3677], shape=(2,), dtype=float32)"
"tf.Tensor([10852.305   5217.3066], shape=(2,), dtype=float32)"
"tf.Tensor([17979.725  8969.651], shape=(2,), dtype=float32)"
"tf.Tensor([21430.725 10110.84 ], shape=(2,), dtype=float32)"
"tf.Tensor([20275.799  8890.603], shape=(2,), dtype=float32)"
"tf.Tensor([19174.037  7903.674], shape=(2,), dtype=float32)"
"tf.Tensor([16319.386  6314.682], shape=(2,), dtype=float32)"
"tf.Tensor([13084.914   4442.7705], shape=(2,), dtype=float32)"
"tf.Tensor([12458.275  3790.983], shape=(2,), dtype=float32)"
"tf.Tensor([11369.217   3603.1907], shape=(2,), dtype=float32)"
"tf.Tensor([11462.982  3591.167], shape=(2,), dtype=float32)"
"tf.Tensor([11200.686   3392.7764], shape=(2,), dtype=float32)"
"tf.Tensor([10251.445   2883.3628], shape=(2,), dtype=float32)"
"tf.Tensor([8639.319  2008.2515], shape=(2,), dtype=float32)"
"tf.Tensor([6823.21  1228.524], shape=(2,), dtype=float32)"
"tf.Tensor([5369.9424  699.0817], shape=(2,), dtype=float32)"
"tf.Tensor([4300.206   548.9099], shape=(2,), dtype=float32)"
"tf.Tensor([3491.5447   249.76036], shape=(2,), dtype=float32)"
"tf.Tensor([3207.2285    0.    ], shape=(2,), dtype=float32)"
"tf.Tensor([2828.2776    0.    ], shape=(2,), dtype=float32)"
"tf.Tensor([2468.1743    0.    ], shape=(2,), dtype=float32)"
"tf.Tensor([2235.892    0.   ], shape=(2,), dtype=float32)"
"tf.Tensor([1612.7081    0.    ], shape=(2,), dtype=float32)"
"tf.Tensor([908.93494   0.     ], shape=(2,), dtype=float32)"
"tf.Tensor([553.81616   0.     ], shape=(2,), dtype=float32)"
"tf.Tensor([416.08588   0.     ], shape=(2,), dtype=float32)"
"tf.Tensor([222.18692   0.     ], shape=(2,), dtype=float32)"
"tf.Tensor([133.80685   0.     ], shape=(2,), dtype=float32)"
"tf.Tensor([47.565315  0.      ], shape=(2,), dtype=float32)"
"tf.Tensor([22.287525  0.      ], shape=(2,), dtype=float32)"
"tf.Tensor([18.439108  0.      ], shape=(2,), dtype=float32)"
"tf.Tensor([17.744318  0.      ], shape=(2,), dtype=float32)"
"tf.Tensor([16.848822  0.      ], shape=(2,), dtype=float32)"
"tf.Tensor([11.581881  0.      ], shape=(2,), dtype=float32)"
"tf.Tensor([12.30759  0.     ], shape=(2,), dtype=float32)"
"tf.Tensor([11.318246  0.      ], shape=(2,), dtype=float32)"
"tf.Tensor([11.818363  0.      ], shape=(2,), dtype=float32)"
"tf.Tensor([13.541248  0.      ], shape=(2,), dtype=float32)"
"tf.Tensor([7.2156754 0.       ], shape=(2,), dtype=float32)"
"tf.Tensor([10.497793  0.      ], shape=(2,), dtype=float32)"
"tf.Tensor([10.448086  0.      ], shape=(2,), dtype=float32)"
"tf.Tensor([7.3159275 0.       ], shape=(2,), dtype=float32)"
"tf.Tensor([13.824579  0.      ], shape=(2,), dtype=float32)"
"tf.Tensor([0.25481042 0.        ], shape=(2,), dtype=float32)"
"tf.Tensor([1043.9536 2867.6816], shape=(2,), dtype=float32)"
"tf.Tensor([3288.4294 8224.9795], shape=(2,), dtype=float32)"
"tf.Tensor([ 3305.8215 12678.97  ], shape=(2,), dtype=float32)"
"tf.Tensor([ 6680.2285 16652.986 ], shape=(2,), dtype=float32)"
"tf.Tensor([ 8766.483 21425.111], shape=(2,), dtype=float32)"
"tf.Tensor([ 9862.711 23449.09 ], shape=(2,), dtype=float32)"
"tf.Tensor([10066.024 24559.96 ], shape=(2,), dtype=float32)"
"tf.Tensor([ 9993.608 24722.062], shape=(2,), dtype=float32)"
"tf.Tensor([ 9132.972 22887.035], shape=(2,), dtype=float32)"
"tf.Tensor([ 6131.48 23440.85], shape=(2,), dtype=float32)"
"tf.Tensor([ 4834.943 20602.54 ], shape=(2,), dtype=float32)"
"tf.Tensor([ 3563.7908 18256.291 ], shape=(2,), dtype=float32)"
"tf.Tensor([ 7086.401 20648.31 ], shape=(2,), dtype=float32)"
"tf.Tensor([ 7014.0674 19891.861 ], shape=(2,), dtype=float32)"
"tf.Tensor([ 7563.423 20971.746], shape=(2,), dtype=float32)"
"tf.Tensor([ 7610.5156 20424.043 ], shape=(2,), dtype=float32)"
"tf.Tensor([ 5803.551 15345.515], shape=(2,), dtype=float32)"
"tf.Tensor([ 4495.8105 11981.706 ], shape=(2,), dtype=float32)"
"tf.Tensor([ 3970.1113 11089.445 ], shape=(2,), dtype=float32)"
"tf.Tensor([3103.51  8549.858], shape=(2,), dtype=float32)"
"tf.Tensor([2296.0022 6213.8965], shape=(2,), dtype=float32)"
"tf.Tensor([1497.1923 3999.5046], shape=(2,), dtype=float32)"
"tf.Tensor([ 822.6764 2190.7944], shape=(2,), dtype=float32)"
"tf.Tensor([315.21823   0.     ], shape=(2,), dtype=float32)"
"tf.Tensor([199.06927   0.     ], shape=(2,), dtype=float32)"
"tf.Tensor([80.76944  0.     ], shape=(2,), dtype=float32)"
"tf.Tensor([78.588066  0.      ], shape=(2,), dtype=float32)"
"tf.Tensor([11.849731  0.      ], shape=(2,), dtype=float32)"
"tf.Tensor([11.122703  0.      ], shape=(2,), dtype=float32)"
"tf.Tensor([10.450475  0.      ], shape=(2,), dtype=float32)"
"tf.Tensor([3.8540351 0.       ], shape=(2,), dtype=float32)"
"tf.Tensor([3.6542127 0.       ], shape=(2,), dtype=float32)"
"tf.Tensor([5.895749 0.      ], shape=(2,), dtype=float32)"
"tf.Tensor([5.595745 0.      ], shape=(2,), dtype=float32)"
"tf.Tensor([5.2525005 0.       ], shape=(2,), dtype=float32)"
"tf.Tensor([8.036272 0.      ], shape=(2,), dtype=float32)"
"tf.Tensor([3.6201155 0.       ], shape=(2,), dtype=float32)"
"tf.Tensor([6.9211655 0.       ], shape=(2,), dtype=float32)"
"tf.Tensor([6.9262342 0.       ], shape=(2,), dtype=float32)"
"tf.Tensor([172.61137 141.45377], shape=(2,), dtype=float32)"
"tf.Tensor([3393.508  1240.1179], shape=(2,), dtype=float32)"
"tf.Tensor([9368.354 4130.412], shape=(2,), dtype=float32)"
"tf.Tensor([13867.287   6446.9746], shape=(2,), dtype=float32)"
"tf.Tensor([18837.688  9542.889], shape=(2,), dtype=float32)"
"tf.Tensor([21935.94 11436.95], shape=(2,), dtype=float32)"
"tf.Tensor([24863.865 12957.173], shape=(2,), dtype=float32)"
"tf.Tensor([26177.127 13639.519], shape=(2,), dtype=float32)"
"tf.Tensor([26570.174 13730.718], shape=(2,), dtype=float32)"
"tf.Tensor([25463.502 12469.094], shape=(2,), dtype=float32)"
"tf.Tensor([21292.166  9629.282], shape=(2,), dtype=float32)"
"tf.Tensor([17526.582   7168.9863], shape=(2,), dtype=float32)"
"tf.Tensor([15256.214  5449.163], shape=(2,), dtype=float32)"
"tf.Tensor([12049.5     3628.1704], shape=(2,), dtype=float32)"
"tf.Tensor([9761.675  2286.1343], shape=(2,), dtype=float32)"
"tf.Tensor([7841.12   1378.6992], shape=(2,), dtype=float32)"
"tf.Tensor([5530.244    683.36383], shape=(2,), dtype=float32)"
"tf.Tensor([4717.0454  573.2723], shape=(2,), dtype=float32)"
"tf.Tensor([3432.0989   217.25775], shape=(2,), dtype=float32)"
"tf.Tensor([3208.415    0.   ], shape=(2,), dtype=float32)"
"tf.Tensor([3050.5327    0.    ], shape=(2,), dtype=float32)"
"tf.Tensor([2520.2126    0.    ], shape=(2,), dtype=float32)"
"tf.Tensor([2043.9786    0.    ], shape=(2,), dtype=float32)"
"tf.Tensor([1535.2103    0.    ], shape=(2,), dtype=float32)"
"tf.Tensor([855.1306   0.    ], shape=(2,), dtype=float32)"
"tf.Tensor([591.1557   0.    ], shape=(2,), dtype=float32)"
"tf.Tensor([563.49084   0.     ], shape=(2,), dtype=float32)"
"tf.Tensor([410.32135   0.     ], shape=(2,), dtype=float32)"
"tf.Tensor([153.4612   0.    ], shape=(2,), dtype=float32)"
"tf.Tensor([29.200176  0.      ], shape=(2,), dtype=float32)"
"tf.Tensor([31.842564  0.      ], shape=(2,), dtype=float32)"
"tf.Tensor([27.319122  0.      ], shape=(2,), dtype=float32)"
"tf.Tensor([20.33883  0.     ], shape=(2,), dtype=float32)"
"tf.Tensor([9.544499 0.      ], shape=(2,), dtype=float32)"
"tf.Tensor([9.92054 0.     ], shape=(2,), dtype=float32)"
"tf.Tensor([17.594778  0.      ], shape=(2,), dtype=float32)"
"tf.Tensor([14.184644  0.      ], shape=(2,), dtype=float32)"
"tf.Tensor([3.0812 0.    ], shape=(2,), dtype=float32)"
"tf.Tensor([3.059539 0.      ], shape=(2,), dtype=float32)"
"tf.Tensor([10.279797  0.      ], shape=(2,), dtype=float32)"
"tf.Tensor([ 986.1173 2654.843 ], shape=(2,), dtype=float32)"
"tf.Tensor([1679.1112 7929.8457], shape=(2,), dtype=float32)"
"tf.Tensor([ 2411.9734 12129.961 ], shape=(2,), dtype=float32)"
"tf.Tensor([ 3139.839 16308.107], shape=(2,), dtype=float32)"
"tf.Tensor([ 3573.453 18454.783], shape=(2,), dtype=float32)"
"tf.Tensor([ 3766.6824 18897.873 ], shape=(2,), dtype=float32)"
"tf.Tensor([ 3446.7947 20181.152 ], shape=(2,), dtype=float32)"
"tf.Tensor([ 3902.7263 21021.201 ], shape=(2,), dtype=float32)"
"tf.Tensor([ 4826.0547 21774.137 ], shape=(2,), dtype=float32)"
"tf.Tensor([ 5055.7744 22288.387 ], shape=(2,), dtype=float32)"
"tf.Tensor([ 4459.7705 20613.031 ], shape=(2,), dtype=float32)"
"tf.Tensor([ 3371.3015 19476.037 ], shape=(2,), dtype=float32)"
"tf.Tensor([ 3671.0266 18961.967 ], shape=(2,), dtype=float32)"
"tf.Tensor([ 7057.2637 20358.518 ], shape=(2,), dtype=float32)"
"tf.Tensor([ 7480.6387 21011.623 ], shape=(2,), dtype=float32)"
"tf.Tensor([ 7442.0054 20024.457 ], shape=(2,), dtype=float32)"
"tf.Tensor([ 6030.045 15959.657], shape=(2,), dtype=float32)"
"tf.Tensor([ 5190.9697 14170.282 ], shape=(2,), dtype=float32)"
"tf.Tensor([ 3635.104 10318.98 ], shape=(2,), dtype=float32)"
"tf.Tensor([ 3673.857 10111.397], shape=(2,), dtype=float32)"
"tf.Tensor([3191.953 8663.978], shape=(2,), dtype=float32)"
"tf.Tensor([1973.4105 5232.099 ], shape=(2,), dtype=float32)"
"tf.Tensor([1222.9642 3243.7156], shape=(2,), dtype=float32)"
"tf.Tensor([402.11456   0.     ], shape=(2,), dtype=float32)"
"tf.Tensor([205.4849   0.    ], shape=(2,), dtype=float32)"
"tf.Tensor([27.366467  0.      ], shape=(2,), dtype=float32)"
"tf.Tensor([25.319103  0.      ], shape=(2,), dtype=float32)"
"tf.Tensor([41.5927  0.    ], shape=(2,), dtype=float32)"
"tf.Tensor([35.08841  0.     ], shape=(2,), dtype=float32)"
"tf.Tensor([13.296906  0.      ], shape=(2,), dtype=float32)"
"tf.Tensor([16.84101  0.     ], shape=(2,), dtype=float32)"
"tf.Tensor([13.413086  0.      ], shape=(2,), dtype=float32)"
"tf.Tensor([6.6672764 0.       ], shape=(2,), dtype=float32)"
"tf.Tensor([2.248141 0.      ], shape=(2,), dtype=float32)"
"tf.Tensor([4.1999645 0.       ], shape=(2,), dtype=float32)"
"tf.Tensor([14.777367  0.      ], shape=(2,), dtype=float32)"
"tf.Tensor([14.800404  0.      ], shape=(2,), dtype=float32)"
"tf.Tensor([10.0821495  0.       ], shape=(2,), dtype=float32)"
"tf.Tensor([10.67248  0.     ], shape=(2,), dtype=float32)"
"tf.Tensor([18.415852  0.      ], shape=(2,), dtype=float32)"
"tf.Tensor([27.921322  0.      ], shape=(2,), dtype=float32)"
"tf.Tensor([ 81.46262 111.18732], shape=(2,), dtype=float32)"
"tf.Tensor([449.2577 710.6762], shape=(2,), dtype=float32)"
"tf.Tensor([3285.3213 3544.6396], shape=(2,), dtype=float32)"
"tf.Tensor([5936.973  4104.0215], shape=(2,), dtype=float32)"
"tf.Tensor([9500.213  6513.0093], shape=(2,), dtype=float32)"
"tf.Tensor([13404.355  9490.611], shape=(2,), dtype=float32)"
"tf.Tensor([14706.353  9557.629], shape=(2,), dtype=float32)"
"tf.Tensor([16518.371 10672.744], shape=(2,), dtype=float32)"
"tf.Tensor([13713.083  8480.825], shape=(2,), dtype=float32)"
"tf.Tensor([16201.584 10443.861], shape=(2,), dtype=float32)"
"tf.Tensor([19573.396 13168.407], shape=(2,), dtype=float32)"
"tf.Tensor([25500.146 23393.31 ], shape=(2,), dtype=float32)"
"tf.Tensor([30014.404 34183.797], shape=(2,), dtype=float32)"
"tf.Tensor([30569.562 39810.062], shape=(2,), dtype=float32)"
"tf.Tensor([24953.316 35471.914], shape=(2,), dtype=float32)"
"tf.Tensor([20004.572 29423.596], shape=(2,), dtype=float32)"
"tf.Tensor([13701.147 22614.42 ], shape=(2,), dtype=float32)"
"tf.Tensor([13460.344 23701.293], shape=(2,), dtype=float32)"
"tf.Tensor([11610.363 21069.562], shape=(2,), dtype=float32)"
"tf.Tensor([ 7675.3755 13005.507 ], shape=(2,), dtype=float32)"
"tf.Tensor([4900.9434 7092.1523], shape=(2,), dtype=float32)"
"tf.Tensor([3260.821  4778.0557], shape=(2,), dtype=float32)"
"tf.Tensor([781.8861   0.    ], shape=(2,), dtype=float32)"
"tf.Tensor([441.28967   0.     ], shape=(2,), dtype=float32)"
"tf.Tensor([86.68099  0.     ], shape=(2,), dtype=float32)"
"tf.Tensor([79.807915  0.      ], shape=(2,), dtype=float32)"
"tf.Tensor([65.62984  0.     ], shape=(2,), dtype=float32)"
"tf.Tensor([15.963388  0.      ], shape=(2,), dtype=float32)"
"tf.Tensor([16.547956  0.      ], shape=(2,), dtype=float32)"
"tf.Tensor([10.330143  0.      ], shape=(2,), dtype=float32)"
"tf.Tensor([26.732838  0.      ], shape=(2,), dtype=float32)"
"tf.Tensor([26.549742  0.      ], shape=(2,), dtype=float32)"
"tf.Tensor([15.379343  0.      ], shape=(2,), dtype=float32)"
"tf.Tensor([5.780797 0.      ], shape=(2,), dtype=float32)"
"tf.Tensor([7.286584 0.      ], shape=(2,), dtype=float32)"
"tf.Tensor([10.831983  0.      ], shape=(2,), dtype=float32)"
"tf.Tensor([12.854411  0.      ], shape=(2,), dtype=float32)"
"tf.Tensor([13.042011  0.      ], shape=(2,), dtype=float32)"
"tf.Tensor([10.988463  0.      ], shape=(2,), dtype=float32)"
"tf.Tensor([16.117706  0.      ], shape=(2,), dtype=float32)"
"tf.Tensor([14.988239  0.      ], shape=(2,), dtype=float32)"
"tf.Tensor([20.936525  0.      ], shape=(2,), dtype=float32)"
"tf.Tensor([15.0888815  0.       ], shape=(2,), dtype=float32)"
"tf.Tensor([1882.0704 3246.6135], shape=(2,), dtype=float32)"
"tf.Tensor([6124.2036 4360.7607], shape=(2,), dtype=float32)"
"tf.Tensor([11637.849  8388.225], shape=(2,), dtype=float32)"
"tf.Tensor([18067.264 14722.38 ], shape=(2,), dtype=float32)"
"tf.Tensor([21219.385 17710.938], shape=(2,), dtype=float32)"
"tf.Tensor([24818.365 22031.182], shape=(2,), dtype=float32)"
"tf.Tensor([28207.229 26821.814], shape=(2,), dtype=float32)"
"tf.Tensor([30421.105 30185.217], shape=(2,), dtype=float32)"
"tf.Tensor([30956.182 30667.346], shape=(2,), dtype=float32)"
"tf.Tensor([29335.81 28142.  ], shape=(2,), dtype=float32)"
"tf.Tensor([26243.65  23935.727], shape=(2,), dtype=float32)"
"tf.Tensor([25479.295 23695.58 ], shape=(2,), dtype=float32)"
"tf.Tensor([27891.098 30385.809], shape=(2,), dtype=float32)"
"tf.Tensor([27080.945 31130.014], shape=(2,), dtype=float32)"
"tf.Tensor([25604.32  33738.008], shape=(2,), dtype=float32)"
"tf.Tensor([21931.627 32163.248], shape=(2,), dtype=float32)"
"tf.Tensor([19639.502 31405.023], shape=(2,), dtype=float32)"
"tf.Tensor([14988.658 25645.072], shape=(2,), dtype=float32)"
"tf.Tensor([11823.115 21246.93 ], shape=(2,), dtype=float32)"
"tf.Tensor([ 9210.152 16830.975], shape=(2,), dtype=float32)"
"tf.Tensor([ 5937.7964 10831.002 ], shape=(2,), dtype=float32)"
"tf.Tensor([2722.8894 3568.0396], shape=(2,), dtype=float32)"
"tf.Tensor([834.99945   0.     ], shape=(2,), dtype=float32)"
"tf.Tensor([639.5841   0.    ], shape=(2,), dtype=float32)"
"tf.Tensor([452.00305   0.     ], shape=(2,), dtype=float32)"
"tf.Tensor([188.82213   0.     ], shape=(2,), dtype=float32)"
"tf.Tensor([166.60222   0.     ], shape=(2,), dtype=float32)"
"tf.Tensor([68.144295  0.      ], shape=(2,), dtype=float32)"
"tf.Tensor([29.044655  0.      ], shape=(2,), dtype=float32)"
"tf.Tensor([24.47939  0.     ], shape=(2,), dtype=float32)"
"tf.Tensor([24.640825  0.      ], shape=(2,), dtype=float32)"
"tf.Tensor([6.940391 0.      ], shape=(2,), dtype=float32)"
"tf.Tensor([9.323292 0.      ], shape=(2,), dtype=float32)"
"tf.Tensor([19.744963  0.      ], shape=(2,), dtype=float32)"
"tf.Tensor([17.12285  0.     ], shape=(2,), dtype=float32)"
"tf.Tensor([21.43563  0.     ], shape=(2,), dtype=float32)"
"tf.Tensor([25.534475  0.      ], shape=(2,), dtype=float32)"
"tf.Tensor([20.156118  0.      ], shape=(2,), dtype=float32)"
"tf.Tensor([15.405898  0.      ], shape=(2,), dtype=float32)"
"tf.Tensor([40.904804  0.      ], shape=(2,), dtype=float32)"
"tf.Tensor([4.2235165 0.       ], shape=(2,), dtype=float32)"
"tf.Tensor([2.223375 0.      ], shape=(2,), dtype=float32)"
"tf.Tensor([5.3612347 0.       ], shape=(2,), dtype=float32)"
"tf.Tensor([8.445101 0.      ], shape=(2,), dtype=float32)"
"tf.Tensor([6.4597597 0.       ], shape=(2,), dtype=float32)"
"tf.Tensor([1.2156194 0.       ], shape=(2,), dtype=float32)"
"tf.Tensor([1.7138652 0.       ], shape=(2,), dtype=float32)"
"tf.Tensor([188.75465 116.3613 ], shape=(2,), dtype=float32)"
"tf.Tensor([2720.5015  523.817 ], shape=(2,), dtype=float32)"
"tf.Tensor([4658.948   934.1233], shape=(2,), dtype=float32)"
"tf.Tensor([6359.2593 1330.2677], shape=(2,), dtype=float32)"
"tf.Tensor([7140.0396 1559.6194], shape=(2,), dtype=float32)"
"tf.Tensor([8042.2056 1769.5056], shape=(2,), dtype=float32)"
"tf.Tensor([8106.005  1798.4114], shape=(2,), dtype=float32)"
"tf.Tensor([8366.583  1777.1001], shape=(2,), dtype=float32)"
"tf.Tensor([8532.453  1904.9667], shape=(2,), dtype=float32)"
"tf.Tensor([9077.568  2103.6086], shape=(2,), dtype=float32)"
"tf.Tensor([8824.947  1985.8789], shape=(2,), dtype=float32)"
"tf.Tensor([7767.953 1392.875], shape=(2,), dtype=float32)"
"tf.Tensor([6071.545  849.584], shape=(2,), dtype=float32)"
"tf.Tensor([4369.938   562.6708], shape=(2,), dtype=float32)"
"tf.Tensor([3748.385    435.51016], shape=(2,), dtype=float32)"
"tf.Tensor([3710.797    298.98288], shape=(2,), dtype=float32)"
"tf.Tensor([3237.6765    0.    ], shape=(2,), dtype=float32)"
"tf.Tensor([3001.392    0.   ], shape=(2,), dtype=float32)"
"tf.Tensor([2254.238    0.   ], shape=(2,), dtype=float32)"
"tf.Tensor([1564.2872    0.    ], shape=(2,), dtype=float32)"
"tf.Tensor([1175.6312    0.    ], shape=(2,), dtype=float32)"
"tf.Tensor([922.12683   0.     ], shape=(2,), dtype=float32)"
"tf.Tensor([777.06116   0.     ], shape=(2,), dtype=float32)"
"tf.Tensor([530.43225   0.     ], shape=(2,), dtype=float32)"
"tf.Tensor([350.83948   0.     ], shape=(2,), dtype=float32)"
"tf.Tensor([198.93752   0.     ], shape=(2,), dtype=float32)"
"tf.Tensor([30.347816  0.      ], shape=(2,), dtype=float32)"
"tf.Tensor([23.860348  0.      ], shape=(2,), dtype=float32)"
"tf.Tensor([17.056253  0.      ], shape=(2,), dtype=float32)"
"tf.Tensor([10.211943  0.      ], shape=(2,), dtype=float32)"
"tf.Tensor([10.5800495  0.       ], shape=(2,), dtype=float32)"
"tf.Tensor([13.31056  0.     ], shape=(2,), dtype=float32)"
"tf.Tensor([13.248677  0.      ], shape=(2,), dtype=float32)"
"tf.Tensor([16.688461  0.      ], shape=(2,), dtype=float32)"
"tf.Tensor([25.927092  0.      ], shape=(2,), dtype=float32)"
"tf.Tensor([21.582794  0.      ], shape=(2,), dtype=float32)"
"tf.Tensor([21.176723  0.      ], shape=(2,), dtype=float32)"
"tf.Tensor([9.235381 0.      ], shape=(2,), dtype=float32)"
"tf.Tensor([5.3019314 0.       ], shape=(2,), dtype=float32)"
"tf.Tensor([4.4493217 0.       ], shape=(2,), dtype=float32)"
"tf.Tensor([27.137274  0.      ], shape=(2,), dtype=float32)"
"tf.Tensor([40.644726  0.      ], shape=(2,), dtype=float32)"
"tf.Tensor([73.28016  0.     ], shape=(2,), dtype=float32)"
"tf.Tensor([77.2936  0.    ], shape=(2,), dtype=float32)"
"tf.Tensor([83.23091  0.     ], shape=(2,), dtype=float32)"
"tf.Tensor([83.130165  0.      ], shape=(2,), dtype=float32)"
"tf.Tensor([80.20111  0.     ], shape=(2,), dtype=float32)"
"tf.Tensor([71.45621  0.     ], shape=(2,), dtype=float32)"
"tf.Tensor([79.181274  0.      ], shape=(2,), dtype=float32)"
"tf.Tensor([67.530846  0.      ], shape=(2,), dtype=float32)"
"tf.Tensor([68.36637  0.     ], shape=(2,), dtype=float32)"
"tf.Tensor([58.344635  0.      ], shape=(2,), dtype=float32)"
"tf.Tensor([51.72986  0.     ], shape=(2,), dtype=float32)"
"tf.Tensor([42.29949  0.     ], shape=(2,), dtype=float32)"
"tf.Tensor([35.510933  0.      ], shape=(2,), dtype=float32)"
"tf.Tensor([32.59029  0.     ], shape=(2,), dtype=float32)"
"tf.Tensor([45.274315  0.      ], shape=(2,), dtype=float32)"
"tf.Tensor([28.3791  0.    ], shape=(2,), dtype=float32)"
"tf.Tensor([21.269335  0.      ], shape=(2,), dtype=float32)"
"tf.Tensor([17.491186  0.      ], shape=(2,), dtype=float32)"
"tf.Tensor([6.306456 0.      ], shape=(2,), dtype=float32)"
"tf.Tensor([7.1744294 0.       ], shape=(2,), dtype=float32)"
"tf.Tensor([10.337326  0.      ], shape=(2,), dtype=float32)"
"tf.Tensor([8.392565 0.      ], shape=(2,), dtype=float32)"
"tf.Tensor([11.83116  0.     ], shape=(2,), dtype=float32)"
"tf.Tensor([8.184061 0.      ], shape=(2,), dtype=float32)"
"tf.Tensor([9.720781 0.      ], shape=(2,), dtype=float32)"
"tf.Tensor([8.91317 0.     ], shape=(2,), dtype=float32)"
"tf.Tensor([11.338148  0.      ], shape=(2,), dtype=float32)"
"tf.Tensor([8.826891 0.      ], shape=(2,), dtype=float32)"
"tf.Tensor([7.3176956 0.       ], shape=(2,), dtype=float32)"
"tf.Tensor([8.726056 0.      ], shape=(2,), dtype=float32)"
"tf.Tensor([8.579622 0.      ], shape=(2,), dtype=float32)"
"tf.Tensor([6.457162 0.      ], shape=(2,), dtype=float32)"
"tf.Tensor([5.8425846 0.       ], shape=(2,), dtype=float32)"
"tf.Tensor([3.7027004 0.       ], shape=(2,), dtype=float32)"
"tf.Tensor([3.4779818 0.       ], shape=(2,), dtype=float32)"
"tf.Tensor([7.879627 0.      ], shape=(2,), dtype=float32)"
"tf.Tensor([20.375492  0.      ], shape=(2,), dtype=float32)"
"tf.Tensor([29.586098  0.      ], shape=(2,), dtype=float32)"
"tf.Tensor([49.985573  0.      ], shape=(2,), dtype=float32)"
"tf.Tensor([44.158234  0.      ], shape=(2,), dtype=float32)"
"tf.Tensor([54.684578  0.      ], shape=(2,), dtype=float32)"
"tf.Tensor([64.51317  0.     ], shape=(2,), dtype=float32)"
"tf.Tensor([81.71848  0.     ], shape=(2,), dtype=float32)"
"tf.Tensor([82.40928  0.     ], shape=(2,), dtype=float32)"
"tf.Tensor([84.488106  0.      ], shape=(2,), dtype=float32)"
"tf.Tensor([84.41927  0.     ], shape=(2,), dtype=float32)"
"tf.Tensor([87.48426  0.     ], shape=(2,), dtype=float32)"
"tf.Tensor([90.78681  0.     ], shape=(2,), dtype=float32)"
"tf.Tensor([90.042595  0.      ], shape=(2,), dtype=float32)"
"tf.Tensor([75.99226  0.     ], shape=(2,), dtype=float32)"
"tf.Tensor([65.797806  0.      ], shape=(2,), dtype=float32)"
"tf.Tensor([55.355804  0.      ], shape=(2,), dtype=float32)"
"tf.Tensor([41.52687  0.     ], shape=(2,), dtype=float32)"
"tf.Tensor([26.632488  0.      ], shape=(2,), dtype=float32)"
"tf.Tensor([19.255985  0.      ], shape=(2,), dtype=float32)"
"tf.Tensor([15.164583  0.      ], shape=(2,), dtype=float32)"
"tf.Tensor([7.906843 0.      ], shape=(2,), dtype=float32)"
"tf.Tensor([6.7200003 0.       ], shape=(2,), dtype=float32)"
"tf.Tensor([7.199482 0.      ], shape=(2,), dtype=float32)"
"tf.Tensor([7.982729 0.      ], shape=(2,), dtype=float32)"
"tf.Tensor([13.45612  0.     ], shape=(2,), dtype=float32)"
"tf.Tensor([7.9673986 0.       ], shape=(2,), dtype=float32)"
"tf.Tensor([3.1161406 0.       ], shape=(2,), dtype=float32)"
"tf.Tensor([4.844907 0.      ], shape=(2,), dtype=float32)"
"tf.Tensor([7.8803663 0.       ], shape=(2,), dtype=float32)"
"tf.Tensor([7.999263 0.      ], shape=(2,), dtype=float32)"
"tf.Tensor([10.117331  0.      ], shape=(2,), dtype=float32)"
"tf.Tensor([19.569408  0.      ], shape=(2,), dtype=float32)"
"tf.Tensor([21.67606  0.     ], shape=(2,), dtype=float32)"
"tf.Tensor([18.576647  0.      ], shape=(2,), dtype=float32)"
"tf.Tensor([14.245296  0.      ], shape=(2,), dtype=float32)"
"tf.Tensor([8.984307 0.      ], shape=(2,), dtype=float32)"
"tf.Tensor([3.4909465 0.       ], shape=(2,), dtype=float32)"
"tf.Tensor([1.9817208 0.       ], shape=(2,), dtype=float32)"
"tf.Tensor([2.6490304 0.       ], shape=(2,), dtype=float32)"
"tf.Tensor([4.125099 0.      ], shape=(2,), dtype=float32)"
"tf.Tensor([9.927933 0.      ], shape=(2,), dtype=float32)"
"tf.Tensor([23.192068  0.      ], shape=(2,), dtype=float32)"
"tf.Tensor([1827.9894 4846.0225], shape=(2,), dtype=float32)"
"tf.Tensor([ 4552.2607 12278.153 ], shape=(2,), dtype=float32)"
"tf.Tensor([ 7038.9976 18905.201 ], shape=(2,), dtype=float32)"
"tf.Tensor([ 9475.359 26297.127], shape=(2,), dtype=float32)"
"tf.Tensor([10009.521 27481.412], shape=(2,), dtype=float32)"
"tf.Tensor([10897.264 29680.35 ], shape=(2,), dtype=float32)"
"tf.Tensor([18996.527 38728.844], shape=(2,), dtype=float32)"
"tf.Tensor([14015.664 41971.543], shape=(2,), dtype=float32)"
"tf.Tensor([14566.201 46792.812], shape=(2,), dtype=float32)"
"tf.Tensor([13409.229 44524.48 ], shape=(2,), dtype=float32)"
"tf.Tensor([12693.376 42060.484], shape=(2,), dtype=float32)"
"tf.Tensor([13583.38  44172.336], shape=(2,), dtype=float32)"
"tf.Tensor([12691.475 38305.23 ], shape=(2,), dtype=float32)"
"tf.Tensor([ 9708.389 27062.479], shape=(2,), dtype=float32)"
"tf.Tensor([ 8626.189 22262.336], shape=(2,), dtype=float32)"
"tf.Tensor([ 7572.997 20546.453], shape=(2,), dtype=float32)"
"tf.Tensor([ 6908.3877 18589.121 ], shape=(2,), dtype=float32)"
"tf.Tensor([ 5377.754 14282.301], shape=(2,), dtype=float32)"
"tf.Tensor([3307.3257 8967.231 ], shape=(2,), dtype=float32)"
"tf.Tensor([2265.888 6090.707], shape=(2,), dtype=float32)"
"tf.Tensor([1461.2904 3836.1816], shape=(2,), dtype=float32)"
"tf.Tensor([1177.5453 3145.0437], shape=(2,), dtype=float32)"
"tf.Tensor([ 755.57983 1997.4205 ], shape=(2,), dtype=float32)"
"tf.Tensor([262.05762   0.     ], shape=(2,), dtype=float32)"
"tf.Tensor([71.91292  0.     ], shape=(2,), dtype=float32)"
"tf.Tensor([38.221222  0.      ], shape=(2,), dtype=float32)"
"tf.Tensor([21.922571  0.      ], shape=(2,), dtype=float32)"
"tf.Tensor([21.625008  0.      ], shape=(2,), dtype=float32)"
"tf.Tensor([19.08777  0.     ], shape=(2,), dtype=float32)"
"tf.Tensor([12.087782  0.      ], shape=(2,), dtype=float32)"
"tf.Tensor([16.450954  0.      ], shape=(2,), dtype=float32)"
"tf.Tensor([13.612297  0.      ], shape=(2,), dtype=float32)"
"tf.Tensor([5.806587 0.      ], shape=(2,), dtype=float32)"
"tf.Tensor([8.269887 0.      ], shape=(2,), dtype=float32)"
"tf.Tensor([11.237652  0.      ], shape=(2,), dtype=float32)"
"tf.Tensor([13.120475  0.      ], shape=(2,), dtype=float32)"
"tf.Tensor([15.334116  0.      ], shape=(2,), dtype=float32)"
"tf.Tensor([13.7359495  0.       ], shape=(2,), dtype=float32)"
"tf.Tensor([19.863838  0.      ], shape=(2,), dtype=float32)"
"tf.Tensor([14.668959  0.      ], shape=(2,), dtype=float32)"
"tf.Tensor([9.91662 0.     ], shape=(2,), dtype=float32)"
"tf.Tensor([1681.1526 2790.224 ], shape=(2,), dtype=float32)"
"tf.Tensor([4848.709  3584.9688], shape=(2,), dtype=float32)"
"tf.Tensor([8272.792  5526.4854], shape=(2,), dtype=float32)"
"tf.Tensor([10730.928   6720.2334], shape=(2,), dtype=float32)"
"tf.Tensor([13964.623  8876.291], shape=(2,), dtype=float32)"
"tf.Tensor([17286.197 11307.941], shape=(2,), dtype=float32)"
"tf.Tensor([19477.35  13487.691], shape=(2,), dtype=float32)"
"tf.Tensor([20530.738 15657.477], shape=(2,), dtype=float32)"
"tf.Tensor([21454.133 18718.732], shape=(2,), dtype=float32)"
"tf.Tensor([22115.365 24293.287], shape=(2,), dtype=float32)"
"tf.Tensor([20360.543 24797.207], shape=(2,), dtype=float32)"
"tf.Tensor([17844.078 24329.97 ], shape=(2,), dtype=float32)"
"tf.Tensor([16987.402 26616.111], shape=(2,), dtype=float32)"
"tf.Tensor([15547.564 26166.406], shape=(2,), dtype=float32)"
"tf.Tensor([12438.343 22050.89 ], shape=(2,), dtype=float32)"
"tf.Tensor([ 9213.452 16943.719], shape=(2,), dtype=float32)"
"tf.Tensor([ 8520.228 15400.782], shape=(2,), dtype=float32)"
"tf.Tensor([4938.1196 6655.0127], shape=(2,), dtype=float32)"
"tf.Tensor([3954.211  5382.3496], shape=(2,), dtype=float32)"
"tf.Tensor([3678.459  4977.0054], shape=(2,), dtype=float32)"
"tf.Tensor([897.9044   0.    ], shape=(2,), dtype=float32)"
"tf.Tensor([851.4108   0.    ], shape=(2,), dtype=float32)"
"tf.Tensor([716.8852   0.    ], shape=(2,), dtype=float32)"
"tf.Tensor([455.13464   0.     ], shape=(2,), dtype=float32)"
"tf.Tensor([168.48499   0.     ], shape=(2,), dtype=float32)"
"tf.Tensor([35.28644  0.     ], shape=(2,), dtype=float32)"
"tf.Tensor([34.928555  0.      ], shape=(2,), dtype=float32)"
"tf.Tensor([23.927593  0.      ], shape=(2,), dtype=float32)"
"tf.Tensor([22.276932  0.      ], shape=(2,), dtype=float32)"
"tf.Tensor([20.453722  0.      ], shape=(2,), dtype=float32)"
"tf.Tensor([19.601791  0.      ], shape=(2,), dtype=float32)"
"tf.Tensor([23.349087  0.      ], shape=(2,), dtype=float32)"
"tf.Tensor([14.858327  0.      ], shape=(2,), dtype=float32)"
"tf.Tensor([11.212351  0.      ], shape=(2,), dtype=float32)"
"tf.Tensor([12.192852  0.      ], shape=(2,), dtype=float32)"
"tf.Tensor([18.314915  0.      ], shape=(2,), dtype=float32)"
"tf.Tensor([12.907116  0.      ], shape=(2,), dtype=float32)"
"tf.Tensor([8.274609 0.      ], shape=(2,), dtype=float32)"
"tf.Tensor([8.012974 0.      ], shape=(2,), dtype=float32)"
"tf.Tensor([6.3024616 0.       ], shape=(2,), dtype=float32)"
"tf.Tensor([8.979729 0.      ], shape=(2,), dtype=float32)"
"tf.Tensor([12.116491  0.      ], shape=(2,), dtype=float32)"
"tf.Tensor([37.120823  0.      ], shape=(2,), dtype=float32)"
"tf.Tensor([54.492096  0.      ], shape=(2,), dtype=float32)"
"tf.Tensor([72.90287  0.     ], shape=(2,), dtype=float32)"
"tf.Tensor([90.40514  0.     ], shape=(2,), dtype=float32)"
"tf.Tensor([95.076775  0.      ], shape=(2,), dtype=float32)"
"tf.Tensor([90.61003  0.     ], shape=(2,), dtype=float32)"
"tf.Tensor([85.59323  0.     ], shape=(2,), dtype=float32)"
"tf.Tensor([75.17965  0.     ], shape=(2,), dtype=float32)"
"tf.Tensor([71.434364  0.      ], shape=(2,), dtype=float32)"
"tf.Tensor([69.042915  0.      ], shape=(2,), dtype=float32)"
"tf.Tensor([66.277565  0.      ], shape=(2,), dtype=float32)"
"tf.Tensor([49.032753  0.      ], shape=(2,), dtype=float32)"
"tf.Tensor([41.911537  0.      ], shape=(2,), dtype=float32)"
"tf.Tensor([31.910706  0.      ], shape=(2,), dtype=float32)"
"tf.Tensor([29.55104  0.     ], shape=(2,), dtype=float32)"
"tf.Tensor([29.558884  0.      ], shape=(2,), dtype=float32)"
"tf.Tensor([30.009495  0.      ], shape=(2,), dtype=float32)"
"tf.Tensor([23.68919  0.     ], shape=(2,), dtype=float32)"
"tf.Tensor([13.78723  0.     ], shape=(2,), dtype=float32)"
"tf.Tensor([13.739031  0.      ], shape=(2,), dtype=float32)"
"tf.Tensor([11.671583  0.      ], shape=(2,), dtype=float32)"
"tf.Tensor([10.255229  0.      ], shape=(2,), dtype=float32)"
"tf.Tensor([8.427515 0.      ], shape=(2,), dtype=float32)"
"tf.Tensor([11.960952  0.      ], shape=(2,), dtype=float32)"
"tf.Tensor([10.873981  0.      ], shape=(2,), dtype=float32)"
"tf.Tensor([4.883154 0.      ], shape=(2,), dtype=float32)"
"tf.Tensor([10.693891  0.      ], shape=(2,), dtype=float32)"
"tf.Tensor([7.6436634 0.       ], shape=(2,), dtype=float32)"
"tf.Tensor([4.3269663 0.       ], shape=(2,), dtype=float32)"
"tf.Tensor([12.04509  0.     ], shape=(2,), dtype=float32)"
"tf.Tensor([18.877127  0.      ], shape=(2,), dtype=float32)"
"tf.Tensor([25.668495  0.      ], shape=(2,), dtype=float32)"
"tf.Tensor([26.531635  0.      ], shape=(2,), dtype=float32)"
"tf.Tensor([10.707804  0.      ], shape=(2,), dtype=float32)"
"tf.Tensor([13.387527  0.      ], shape=(2,), dtype=float32)"
"tf.Tensor([16.30025  0.     ], shape=(2,), dtype=float32)"
"tf.Tensor([20.555769  0.      ], shape=(2,), dtype=float32)"
"tf.Tensor([18.467678  0.      ], shape=(2,), dtype=float32)"
"tf.Tensor([12.004497  0.      ], shape=(2,), dtype=float32)"
"tf.Tensor([8.375926 0.      ], shape=(2,), dtype=float32)"
"tf.Tensor([923.9926  239.07217], shape=(2,), dtype=float32)"
"tf.Tensor([4511.035   1014.04095], shape=(2,), dtype=float32)"
"tf.Tensor([7749.831 1965.444], shape=(2,), dtype=float32)"
"tf.Tensor([9294.189  2477.7021], shape=(2,), dtype=float32)"
"tf.Tensor([9128.651  2351.6243], shape=(2,), dtype=float32)"
"tf.Tensor([10673.133   3067.0732], shape=(2,), dtype=float32)"
"tf.Tensor([10656.812   3180.5737], shape=(2,), dtype=float32)"
"tf.Tensor([11353.285   3344.2434], shape=(2,), dtype=float32)"
"tf.Tensor([10424.17    3006.2534], shape=(2,), dtype=float32)"
"tf.Tensor([10134.582   2717.2554], shape=(2,), dtype=float32)"
"tf.Tensor([9209.988  2197.1543], shape=(2,), dtype=float32)"
"tf.Tensor([8331.206  1722.0616], shape=(2,), dtype=float32)"
"tf.Tensor([7489.996  1251.3225], shape=(2,), dtype=float32)"
"tf.Tensor([5839.7     745.7629], shape=(2,), dtype=float32)"
"tf.Tensor([4862.076   561.5118], shape=(2,), dtype=float32)"
"tf.Tensor([3654.0867    0.    ], shape=(2,), dtype=float32)"
"tf.Tensor([3553.5522    0.    ], shape=(2,), dtype=float32)"
"tf.Tensor([3247.935    0.   ], shape=(2,), dtype=float32)"
"tf.Tensor([2697.7834    0.    ], shape=(2,), dtype=float32)"
"tf.Tensor([1901.1317    0.    ], shape=(2,), dtype=float32)"
"tf.Tensor([1209.2203    0.    ], shape=(2,), dtype=float32)"
"tf.Tensor([959.2567   0.    ], shape=(2,), dtype=float32)"
"tf.Tensor([900.1915   0.    ], shape=(2,), dtype=float32)"
"tf.Tensor([671.39716   0.     ], shape=(2,), dtype=float32)"
"tf.Tensor([428.31198   0.     ], shape=(2,), dtype=float32)"
"tf.Tensor([290.5727   0.    ], shape=(2,), dtype=float32)"
"tf.Tensor([106.39364   0.     ], shape=(2,), dtype=float32)"
"tf.Tensor([20.67281  0.     ], shape=(2,), dtype=float32)"
"tf.Tensor([16.622086  0.      ], shape=(2,), dtype=float32)"
"tf.Tensor([14.81329  0.     ], shape=(2,), dtype=float32)"
"tf.Tensor([14.329981  0.      ], shape=(2,), dtype=float32)"
"tf.Tensor([17.609509  0.      ], shape=(2,), dtype=float32)"
"tf.Tensor([18.548672  0.      ], shape=(2,), dtype=float32)"
"tf.Tensor([18.991142  0.      ], shape=(2,), dtype=float32)"
"tf.Tensor([16.17003  0.     ], shape=(2,), dtype=float32)"
"tf.Tensor([11.10426  0.     ], shape=(2,), dtype=float32)"
"tf.Tensor([11.294422  0.      ], shape=(2,), dtype=float32)"
"tf.Tensor([14.362538  0.      ], shape=(2,), dtype=float32)"
"tf.Tensor([22.127834  0.      ], shape=(2,), dtype=float32)"
"tf.Tensor([23.066248  0.      ], shape=(2,), dtype=float32)"
"tf.Tensor([16.347034  0.      ], shape=(2,), dtype=float32)"
"tf.Tensor([7.361275 0.      ], shape=(2,), dtype=float32)"
"tf.Tensor([3.3809469 0.       ], shape=(2,), dtype=float32)"
"tf.Tensor([5.87872 0.     ], shape=(2,), dtype=float32)"
"tf.Tensor([2226.8132  669.3029], shape=(2,), dtype=float32)"
"tf.Tensor([8153.727 3301.684], shape=(2,), dtype=float32)"
"tf.Tensor([11393.088   4103.4834], shape=(2,), dtype=float32)"
"tf.Tensor([12425.371   3942.6196], shape=(2,), dtype=float32)"
"tf.Tensor([10601.308  2706.   ], shape=(2,), dtype=float32)"
"tf.Tensor([9262.986  2240.1023], shape=(2,), dtype=float32)"
"tf.Tensor([8737.244  1914.0182], shape=(2,), dtype=float32)"
"tf.Tensor([8059.4873 1654.7554], shape=(2,), dtype=float32)"
"tf.Tensor([8234.262 1756.106], shape=(2,), dtype=float32)"
"tf.Tensor([8709.535  1793.4194], shape=(2,), dtype=float32)"
"tf.Tensor([8124.6294 1485.502 ], shape=(2,), dtype=float32)"
"tf.Tensor([6346.616   831.0501], shape=(2,), dtype=float32)"
"tf.Tensor([5170.5664  649.49  ], shape=(2,), dtype=float32)"
"tf.Tensor([4177.818  467.393], shape=(2,), dtype=float32)"
"tf.Tensor([3580.4072  226.1949], shape=(2,), dtype=float32)"
"tf.Tensor([3556.543    0.   ], shape=(2,), dtype=float32)"
"tf.Tensor([2918.7446    0.    ], shape=(2,), dtype=float32)"
"tf.Tensor([2679.4858    0.    ], shape=(2,), dtype=float32)"
"tf.Tensor([2293.0374    0.    ], shape=(2,), dtype=float32)"
"tf.Tensor([1697.5865    0.    ], shape=(2,), dtype=float32)"
"tf.Tensor([900.193   0.   ], shape=(2,), dtype=float32)"
"tf.Tensor([783.15015   0.     ], shape=(2,), dtype=float32)"
"tf.Tensor([689.9326   0.    ], shape=(2,), dtype=float32)"
"tf.Tensor([516.37256   0.     ], shape=(2,), dtype=float32)"
"tf.Tensor([285.94125   0.     ], shape=(2,), dtype=float32)"
"tf.Tensor([82.185326  0.      ], shape=(2,), dtype=float32)"
"tf.Tensor([23.972967  0.      ], shape=(2,), dtype=float32)"
"tf.Tensor([20.035442  0.      ], shape=(2,), dtype=float32)"
"tf.Tensor([16.28196  0.     ], shape=(2,), dtype=float32)"
"tf.Tensor([10.142615  0.      ], shape=(2,), dtype=float32)"
"tf.Tensor([10.386778  0.      ], shape=(2,), dtype=float32)"
"tf.Tensor([12.334843  0.      ], shape=(2,), dtype=float32)"
"tf.Tensor([13.009865  0.      ], shape=(2,), dtype=float32)"
"tf.Tensor([15.910198  0.      ], shape=(2,), dtype=float32)"
"tf.Tensor([18.235191  0.      ], shape=(2,), dtype=float32)"
"tf.Tensor([16.365585  0.      ], shape=(2,), dtype=float32)"
"tf.Tensor([17.547174  0.      ], shape=(2,), dtype=float32)"
"tf.Tensor([16.67124  0.     ], shape=(2,), dtype=float32)"
"tf.Tensor([20.492666  0.      ], shape=(2,), dtype=float32)"
"tf.Tensor([18.396318  0.      ], shape=(2,), dtype=float32)"
"tf.Tensor([ 695.40814 1761.0217 ], shape=(2,), dtype=float32)"
"tf.Tensor([ 970.0531 4669.036 ], shape=(2,), dtype=float32)"
"tf.Tensor([3087.3792 8707.357 ], shape=(2,), dtype=float32)"
"tf.Tensor([ 3834.804 10782.195], shape=(2,), dtype=float32)"
"tf.Tensor([ 4354.703 12290.028], shape=(2,), dtype=float32)"
"tf.Tensor([ 4243.003 12038.443], shape=(2,), dtype=float32)"
"tf.Tensor([ 2084.6238 11169.082 ], shape=(2,), dtype=float32)"
"tf.Tensor([ 3367.3425 14773.862 ], shape=(2,), dtype=float32)"
"tf.Tensor([ 7223.5947 18365.42  ], shape=(2,), dtype=float32)"
"tf.Tensor([ 9798.609 22499.828], shape=(2,), dtype=float32)"
"tf.Tensor([11098.339 24659.875], shape=(2,), dtype=float32)"
"tf.Tensor([11171.545 25078.557], shape=(2,), dtype=float32)"
"tf.Tensor([10000.41  23122.494], shape=(2,), dtype=float32)"
"tf.Tensor([ 8590.039 21146.508], shape=(2,), dtype=float32)"
"tf.Tensor([ 4787.9155 19086.598 ], shape=(2,), dtype=float32)"
"tf.Tensor([ 3272.6853 15352.608 ], shape=(2,), dtype=float32)"
"tf.Tensor([ 6567.3945 18497.623 ], shape=(2,), dtype=float32)"
"tf.Tensor([ 6163.6724 16985.576 ], shape=(2,), dtype=float32)"
"tf.Tensor([ 6299.8545 16863.479 ], shape=(2,), dtype=float32)"
"tf.Tensor([ 4497.7773 11942.523 ], shape=(2,), dtype=float32)"
"tf.Tensor([3512.4944 9514.961 ], shape=(2,), dtype=float32)"
"tf.Tensor([2474.8667 6859.461 ], shape=(2,), dtype=float32)"
"tf.Tensor([2018.9954 5592.865 ], shape=(2,), dtype=float32)"
"tf.Tensor([1522.9095 4271.9575], shape=(2,), dtype=float32)"
"tf.Tensor([412.1761   0.    ], shape=(2,), dtype=float32)"
"tf.Tensor([328.54688   0.     ], shape=(2,), dtype=float32)"
"tf.Tensor([ 89.60421 218.04903], shape=(2,), dtype=float32)"
"tf.Tensor([25.433746  0.      ], shape=(2,), dtype=float32)"
"tf.Tensor([9.951142 0.      ], shape=(2,), dtype=float32)"
"tf.Tensor([9.608976 0.      ], shape=(2,), dtype=float32)"
"tf.Tensor([9.125032 0.      ], shape=(2,), dtype=float32)"
"tf.Tensor([12.083424  0.      ], shape=(2,), dtype=float32)"
"tf.Tensor([13.5350485  0.       ], shape=(2,), dtype=float32)"
"tf.Tensor([10.075576  0.      ], shape=(2,), dtype=float32)"
"tf.Tensor([8.763641 0.      ], shape=(2,), dtype=float32)"
"tf.Tensor([8.643556 0.      ], shape=(2,), dtype=float32)"
"tf.Tensor([15.303867  0.      ], shape=(2,), dtype=float32)"
"tf.Tensor([14.112052  0.      ], shape=(2,), dtype=float32)"
"tf.Tensor([14.083031  0.      ], shape=(2,), dtype=float32)"
"tf.Tensor([17.82733  0.     ], shape=(2,), dtype=float32)"
"tf.Tensor([11.677774  0.      ], shape=(2,), dtype=float32)"
"tf.Tensor([3442.946 4239.244], shape=(2,), dtype=float32)"
"tf.Tensor([ 9062.983 11389.745], shape=(2,), dtype=float32)"
"tf.Tensor([13971.736 18526.111], shape=(2,), dtype=float32)"
"tf.Tensor([18099.63  24641.053], shape=(2,), dtype=float32)"
"tf.Tensor([20693.389 28424.146], shape=(2,), dtype=float32)"
"tf.Tensor([21459.986 28208.098], shape=(2,), dtype=float32)"
"tf.Tensor([22170.246 28741.895], shape=(2,), dtype=float32)"
"tf.Tensor([21724.748 25258.803], shape=(2,), dtype=float32)"
"tf.Tensor([18482.467 19810.285], shape=(2,), dtype=float32)"
"tf.Tensor([16519.332 13844.344], shape=(2,), dtype=float32)"
"tf.Tensor([17182.234 14005.657], shape=(2,), dtype=float32)"
"tf.Tensor([16591.125 13127.261], shape=(2,), dtype=float32)"
"tf.Tensor([16327.365 13142.796], shape=(2,), dtype=float32)"
"tf.Tensor([17413.037 15477.236], shape=(2,), dtype=float32)"
"tf.Tensor([19127.957 21960.725], shape=(2,), dtype=float32)"
"tf.Tensor([19274.914 25653.818], shape=(2,), dtype=float32)"
"tf.Tensor([17271.066 26695.236], shape=(2,), dtype=float32)"
"tf.Tensor([14729.119 24434.22 ], shape=(2,), dtype=float32)"
"tf.Tensor([11053.111 19528.58 ], shape=(2,), dtype=float32)"
"tf.Tensor([ 9104.804 16554.047], shape=(2,), dtype=float32)"
"tf.Tensor([ 7955.2837 14575.844 ], shape=(2,), dtype=float32)"
"tf.Tensor([5041.5137 8955.547 ], shape=(2,), dtype=float32)"
"tf.Tensor([2671.3716 4223.885 ], shape=(2,), dtype=float32)"
"tf.Tensor([620.07056   0.     ], shape=(2,), dtype=float32)"
"tf.Tensor([393.23438   0.     ], shape=(2,), dtype=float32)"
"tf.Tensor([135.88353   0.     ], shape=(2,), dtype=float32)"
"tf.Tensor([127.34416   0.     ], shape=(2,), dtype=float32)"
"tf.Tensor([49.44509  0.     ], shape=(2,), dtype=float32)"
"tf.Tensor([44.90065  0.     ], shape=(2,), dtype=float32)"
"tf.Tensor([18.133121  0.      ], shape=(2,), dtype=float32)"
"tf.Tensor([11.810446  0.      ], shape=(2,), dtype=float32)"
"tf.Tensor([3.4584534 0.       ], shape=(2,), dtype=float32)"
"tf.Tensor([3.5967224 0.       ], shape=(2,), dtype=float32)"
"tf.Tensor([8.209375 0.      ], shape=(2,), dtype=float32)"
"tf.Tensor([23.772928  0.      ], shape=(2,), dtype=float32)"
"tf.Tensor([5.1321087 0.       ], shape=(2,), dtype=float32)"
"tf.Tensor([10.264425  0.      ], shape=(2,), dtype=float32)"
"tf.Tensor([7.1749287 0.       ], shape=(2,), dtype=float32)"
"tf.Tensor([23.887918  0.      ], shape=(2,), dtype=float32)"
"tf.Tensor([23.493416  0.      ], shape=(2,), dtype=float32)"
"tf.Tensor([50.326637  0.      ], shape=(2,), dtype=float32)"
"tf.Tensor([73.28423  0.     ], shape=(2,), dtype=float32)"
"tf.Tensor([96.40804  0.     ], shape=(2,), dtype=float32)"
"tf.Tensor([85.20298  0.     ], shape=(2,), dtype=float32)"
"tf.Tensor([91.93726  0.     ], shape=(2,), dtype=float32)"
"tf.Tensor([85.64721  0.     ], shape=(2,), dtype=float32)"
"tf.Tensor([95.45362  0.     ], shape=(2,), dtype=float32)"
"tf.Tensor([82.71664  0.     ], shape=(2,), dtype=float32)"
"tf.Tensor([77.41816  0.     ], shape=(2,), dtype=float32)"
"tf.Tensor([74.1714  0.    ], shape=(2,), dtype=float32)"
"tf.Tensor([70.664085  0.      ], shape=(2,), dtype=float32)"
"tf.Tensor([67.26114  0.     ], shape=(2,), dtype=float32)"
"tf.Tensor([64.29865  0.     ], shape=(2,), dtype=float32)"
"tf.Tensor([51.099106  0.      ], shape=(2,), dtype=float32)"
"tf.Tensor([40.21281  0.     ], shape=(2,), dtype=float32)"
"tf.Tensor([32.247272  0.      ], shape=(2,), dtype=float32)"
"tf.Tensor([26.781372  0.      ], shape=(2,), dtype=float32)"
"tf.Tensor([30.037413  0.      ], shape=(2,), dtype=float32)"
"tf.Tensor([12.494104  0.      ], shape=(2,), dtype=float32)"
"tf.Tensor([2.5018718 0.       ], shape=(2,), dtype=float32)"
"tf.Tensor([1.6373571 0.       ], shape=(2,), dtype=float32)"
"tf.Tensor([21.678307  0.      ], shape=(2,), dtype=float32)"
"tf.Tensor([8.040693 0.      ], shape=(2,), dtype=float32)"
"tf.Tensor([15.905023  0.      ], shape=(2,), dtype=float32)"
"tf.Tensor([11.124425  0.      ], shape=(2,), dtype=float32)"
"tf.Tensor([13.925133  0.      ], shape=(2,), dtype=float32)"
"tf.Tensor([7.8501143 0.       ], shape=(2,), dtype=float32)"
"tf.Tensor([5.9409094 0.       ], shape=(2,), dtype=float32)"
"tf.Tensor([2.5397937 0.       ], shape=(2,), dtype=float32)"
"tf.Tensor([2.247307 0.      ], shape=(2,), dtype=float32)"
"tf.Tensor([3.4690225 0.       ], shape=(2,), dtype=float32)"
"tf.Tensor([3.1864326 0.       ], shape=(2,), dtype=float32)"
"tf.Tensor([6.3773346 0.       ], shape=(2,), dtype=float32)"
"tf.Tensor([9.791017 0.      ], shape=(2,), dtype=float32)"
"tf.Tensor([16.154915  0.      ], shape=(2,), dtype=float32)"
"tf.Tensor([21.857979  0.      ], shape=(2,), dtype=float32)"
"tf.Tensor([10.66354  0.     ], shape=(2,), dtype=float32)"
"tf.Tensor([ 657.51025 1860.8553 ], shape=(2,), dtype=float32)"
"tf.Tensor([1121.2526 5334.645 ], shape=(2,), dtype=float32)"
"tf.Tensor([1937.5153 9544.193 ], shape=(2,), dtype=float32)"
"tf.Tensor([ 4596.879 12767.717], shape=(2,), dtype=float32)"
"tf.Tensor([ 2373.3826 12360.025 ], shape=(2,), dtype=float32)"
"tf.Tensor([ 2253.402 13754.759], shape=(2,), dtype=float32)"
"tf.Tensor([ 2800.7615 15813.63  ], shape=(2,), dtype=float32)"
"tf.Tensor([ 4177.0615 18056.346 ], shape=(2,), dtype=float32)"
"tf.Tensor([ 5717.912 21560.246], shape=(2,), dtype=float32)"
"tf.Tensor([ 5086.139 19798.775], shape=(2,), dtype=float32)"
"tf.Tensor([ 7725.7026 19181.63  ], shape=(2,), dtype=float32)"
"tf.Tensor([ 7566.1836 18602.168 ], shape=(2,), dtype=float32)"
"tf.Tensor([ 7342.2173 18398.238 ], shape=(2,), dtype=float32)"
"tf.Tensor([ 4110.8296 16887.535 ], shape=(2,), dtype=float32)"
"tf.Tensor([ 5974.174 16975.479], shape=(2,), dtype=float32)"
"tf.Tensor([ 5870.9746 16229.8545], shape=(2,), dtype=float32)"
"tf.Tensor([ 5732.848 15349.977], shape=(2,), dtype=float32)"
"tf.Tensor([ 4648.5137 12293.033 ], shape=(2,), dtype=float32)"
"tf.Tensor([ 3822.0527 10313.07  ], shape=(2,), dtype=float32)"
"tf.Tensor([2812.5444 7705.501 ], shape=(2,), dtype=float32)"
"tf.Tensor([1907.603  5144.4365], shape=(2,), dtype=float32)"
"tf.Tensor([ 978.3922 2651.5354], shape=(2,), dtype=float32)"
"tf.Tensor([405.31268   0.     ], shape=(2,), dtype=float32)"
"tf.Tensor([162.94672 486.96484], shape=(2,), dtype=float32)"
"tf.Tensor([59.535313  0.      ], shape=(2,), dtype=float32)"
"tf.Tensor([37.75991  0.     ], shape=(2,), dtype=float32)"
"tf.Tensor([25.056742  0.      ], shape=(2,), dtype=float32)"
"tf.Tensor([14.31735  0.     ], shape=(2,), dtype=float32)"
"tf.Tensor([9.147769 0.      ], shape=(2,), dtype=float32)"
"tf.Tensor([23.269938  0.      ], shape=(2,), dtype=float32)"
"tf.Tensor([18.283218  0.      ], shape=(2,), dtype=float32)"
"tf.Tensor([23.067297  0.      ], shape=(2,), dtype=float32)"
"tf.Tensor([15.585482  0.      ], shape=(2,), dtype=float32)"
"tf.Tensor([13.444676  0.      ], shape=(2,), dtype=float32)"
"tf.Tensor([6.24341 0.     ], shape=(2,), dtype=float32)"
"tf.Tensor([10.149391  0.      ], shape=(2,), dtype=float32)"
"tf.Tensor([9.833144 0.      ], shape=(2,), dtype=float32)"
"tf.Tensor([1635.274 2351.972], shape=(2,), dtype=float32)"
"tf.Tensor([6034.543 7917.054], shape=(2,), dtype=float32)"
"tf.Tensor([11540.022 14840.677], shape=(2,), dtype=float32)"
"tf.Tensor([16033.218 20918.223], shape=(2,), dtype=float32)"
"tf.Tensor([19787.791 25858.348], shape=(2,), dtype=float32)"
"tf.Tensor([24811.385 31217.797], shape=(2,), dtype=float32)"
"tf.Tensor([22649.518 25691.29 ], shape=(2,), dtype=float32)"
"tf.Tensor([21100.275 20449.016], shape=(2,), dtype=float32)"
"tf.Tensor([19875.727 16246.101], shape=(2,), dtype=float32)"
"tf.Tensor([20644.248 16335.823], shape=(2,), dtype=float32)"
"tf.Tensor([20404.598 15234.846], shape=(2,), dtype=float32)"
"tf.Tensor([21495.438 16952.783], shape=(2,), dtype=float32)"
"tf.Tensor([22676.29  19764.938], shape=(2,), dtype=float32)"
"tf.Tensor([26059.865 28141.734], shape=(2,), dtype=float32)"
"tf.Tensor([27581.258 31727.752], shape=(2,), dtype=float32)"
"tf.Tensor([26128.803 34211.13 ], shape=(2,), dtype=float32)"
"tf.Tensor([21884.248 32162.158], shape=(2,), dtype=float32)"
"tf.Tensor([20588.953 32592.531], shape=(2,), dtype=float32)"
"tf.Tensor([16865.865 28039.83 ], shape=(2,), dtype=float32)"
"tf.Tensor([12620.3125 22191.69  ], shape=(2,), dtype=float32)"
"tf.Tensor([ 8396.397 15430.045], shape=(2,), dtype=float32)"
"tf.Tensor([ 7778.629 14124.329], shape=(2,), dtype=float32)"
"tf.Tensor([3612.8396 5376.4956], shape=(2,), dtype=float32)"
"tf.Tensor([2793.6628 3858.0603], shape=(2,), dtype=float32)"
"tf.Tensor([682.11237   0.     ], shape=(2,), dtype=float32)"
"tf.Tensor([603.1041   0.    ], shape=(2,), dtype=float32)"
"tf.Tensor([318.78955   0.     ], shape=(2,), dtype=float32)"
"tf.Tensor([157.43585   0.     ], shape=(2,), dtype=float32)"
"tf.Tensor([65.78907  0.     ], shape=(2,), dtype=float32)"
"tf.Tensor([37.96422  0.     ], shape=(2,), dtype=float32)"
"tf.Tensor([23.212292  0.      ], shape=(2,), dtype=float32)"
"tf.Tensor([15.841497  0.      ], shape=(2,), dtype=float32)"
"tf.Tensor([5.1329174 0.       ], shape=(2,), dtype=float32)"
"tf.Tensor([5.379763 0.      ], shape=(2,), dtype=float32)"
"tf.Tensor([4.7773876 0.       ], shape=(2,), dtype=float32)"
"tf.Tensor([6.7057076 0.       ], shape=(2,), dtype=float32)"
"tf.Tensor([3.2208164 0.       ], shape=(2,), dtype=float32)"
"tf.Tensor([5.3651047 0.       ], shape=(2,), dtype=float32)"
"tf.Tensor([ 44.76602 124.73845], shape=(2,), dtype=float32)"
"tf.Tensor([2367.8853 3393.4941], shape=(2,), dtype=float32)"
"tf.Tensor([4508.727  3471.5967], shape=(2,), dtype=float32)"
"tf.Tensor([7520.714  5472.0215], shape=(2,), dtype=float32)"
"tf.Tensor([10987.645  7781.646], shape=(2,), dtype=float32)"
"tf.Tensor([14062.163  9754.844], shape=(2,), dtype=float32)"
"tf.Tensor([17218.404 11798.619], shape=(2,), dtype=float32)"
"tf.Tensor([18792.537 12850.796], shape=(2,), dtype=float32)"
"tf.Tensor([20831.46  15671.219], shape=(2,), dtype=float32)"
"tf.Tensor([20925.879 17875.629], shape=(2,), dtype=float32)"
"tf.Tensor([21897.307 24070.893], shape=(2,), dtype=float32)"
"tf.Tensor([22498.229 27485.424], shape=(2,), dtype=float32)"
"tf.Tensor([20495.174 26964.36 ], shape=(2,), dtype=float32)"
"tf.Tensor([20205.178 28070.617], shape=(2,), dtype=float32)"
"tf.Tensor([16668.38  24638.703], shape=(2,), dtype=float32)"
"tf.Tensor([12650.528 18913.955], shape=(2,), dtype=float32)"
"tf.Tensor([14693.862 23457.646], shape=(2,), dtype=float32)"
"tf.Tensor([13969.037 22867.172], shape=(2,), dtype=float32)"
"tf.Tensor([11889.174 20916.84 ], shape=(2,), dtype=float32)"
"tf.Tensor([10913.778 19414.652], shape=(2,), dtype=float32)"
"tf.Tensor([ 6728.633 12360.89 ], shape=(2,), dtype=float32)"
"tf.Tensor([4556.1987 8310.196 ], shape=(2,), dtype=float32)"
"tf.Tensor([759.16504   0.     ], shape=(2,), dtype=float32)"
"tf.Tensor([446.67657   0.     ], shape=(2,), dtype=float32)"
"tf.Tensor([281.91547   0.     ], shape=(2,), dtype=float32)"
"tf.Tensor([179.35745   0.     ], shape=(2,), dtype=float32)"
"tf.Tensor([100.59205   0.     ], shape=(2,), dtype=float32)"
"tf.Tensor([31.05078  0.     ], shape=(2,), dtype=float32)"
"tf.Tensor([17.262186  0.      ], shape=(2,), dtype=float32)"
"tf.Tensor([18.17503  10.322035], shape=(2,), dtype=float32)"
"tf.Tensor([6.3349915 0.       ], shape=(2,), dtype=float32)"
"tf.Tensor([11.917707  0.      ], shape=(2,), dtype=float32)"
"tf.Tensor([17.371906   5.8391547], shape=(2,), dtype=float32)"
"tf.Tensor([15.678245  0.      ], shape=(2,), dtype=float32)"
"tf.Tensor([14.4948225  0.       ], shape=(2,), dtype=float32)"
"tf.Tensor([32.019352  0.      ], shape=(2,), dtype=float32)"
"tf.Tensor([35.295654  0.      ], shape=(2,), dtype=float32)"
"tf.Tensor([35.86229  0.     ], shape=(2,), dtype=float32)"
"tf.Tensor([30.82034  0.     ], shape=(2,), dtype=float32)"
"tf.Tensor([16.317284  0.      ], shape=(2,), dtype=float32)"
"tf.Tensor([13.893206  0.      ], shape=(2,), dtype=float32)"
"tf.Tensor([32.979134  0.      ], shape=(2,), dtype=float32)"
"tf.Tensor([26.538307  0.      ], shape=(2,), dtype=float32)"
"tf.Tensor([37.450905  0.      ], shape=(2,), dtype=float32)"
"tf.Tensor([57.057365  0.      ], shape=(2,), dtype=float32)"
"tf.Tensor([76.22956  0.     ], shape=(2,), dtype=float32)"
"tf.Tensor([85.90505  0.     ], shape=(2,), dtype=float32)"
"tf.Tensor([99.21714  0.     ], shape=(2,), dtype=float32)"
"tf.Tensor([96.170006  0.      ], shape=(2,), dtype=float32)"
"tf.Tensor([102.10409   0.     ], shape=(2,), dtype=float32)"
"tf.Tensor([95.523186  0.      ], shape=(2,), dtype=float32)"
"tf.Tensor([89.4799  0.    ], shape=(2,), dtype=float32)"
"tf.Tensor([87.38543  0.     ], shape=(2,), dtype=float32)"
"tf.Tensor([92.11782  0.     ], shape=(2,), dtype=float32)"
"tf.Tensor([75.189995  0.      ], shape=(2,), dtype=float32)"
"tf.Tensor([55.52085  0.     ], shape=(2,), dtype=float32)"
"tf.Tensor([46.217438  0.      ], shape=(2,), dtype=float32)"
"tf.Tensor([36.307354  0.      ], shape=(2,), dtype=float32)"
"tf.Tensor([24.239822  0.      ], shape=(2,), dtype=float32)"
"tf.Tensor([20.570728  0.      ], shape=(2,), dtype=float32)"
"tf.Tensor([10.043196  0.      ], shape=(2,), dtype=float32)"
"tf.Tensor([8.264903 0.      ], shape=(2,), dtype=float32)"
"tf.Tensor([8.370517 0.      ], shape=(2,), dtype=float32)"
"tf.Tensor([9.485319 0.      ], shape=(2,), dtype=float32)"
"tf.Tensor([8.225289 0.      ], shape=(2,), dtype=float32)"
"tf.Tensor([16.418522  0.      ], shape=(2,), dtype=float32)"
"tf.Tensor([4.4973326 0.       ], shape=(2,), dtype=float32)"
"tf.Tensor([2.2876852 0.       ], shape=(2,), dtype=float32)"
"tf.Tensor([6.451973 0.      ], shape=(2,), dtype=float32)"
"tf.Tensor([7.19781 0.     ], shape=(2,), dtype=float32)"
"tf.Tensor([13.85771  0.     ], shape=(2,), dtype=float32)"
"tf.Tensor([2.1824348 0.       ], shape=(2,), dtype=float32)"
"tf.Tensor([9.489176 0.      ], shape=(2,), dtype=float32)"
"tf.Tensor([12.601505  0.      ], shape=(2,), dtype=float32)"
"tf.Tensor([13.60824  0.     ], shape=(2,), dtype=float32)"
"tf.Tensor([10.279213  0.      ], shape=(2,), dtype=float32)"
"tf.Tensor([22.385054  0.      ], shape=(2,), dtype=float32)"
"tf.Tensor([40.899475  0.      ], shape=(2,), dtype=float32)"
"tf.Tensor([68.20128  0.     ], shape=(2,), dtype=float32)"
"tf.Tensor([82.305756  0.      ], shape=(2,), dtype=float32)"
"tf.Tensor([98.961586  0.      ], shape=(2,), dtype=float32)"
"tf.Tensor([100.02297   0.     ], shape=(2,), dtype=float32)"
"tf.Tensor([103.42968   0.     ], shape=(2,), dtype=float32)"
"tf.Tensor([102.82064   0.     ], shape=(2,), dtype=float32)"
"tf.Tensor([102.33027   0.     ], shape=(2,), dtype=float32)"
"tf.Tensor([104.383095   0.      ], shape=(2,), dtype=float32)"
"tf.Tensor([100.55093   0.     ], shape=(2,), dtype=float32)"
"tf.Tensor([92.84489  0.     ], shape=(2,), dtype=float32)"
"tf.Tensor([81.96555  0.     ], shape=(2,), dtype=float32)"
"tf.Tensor([69.50567  0.     ], shape=(2,), dtype=float32)"
"tf.Tensor([59.35917  0.     ], shape=(2,), dtype=float32)"
"tf.Tensor([52.122643  0.      ], shape=(2,), dtype=float32)"
"tf.Tensor([47.246628  0.      ], shape=(2,), dtype=float32)"
"tf.Tensor([43.1802  0.    ], shape=(2,), dtype=float32)"
"tf.Tensor([33.563343  0.      ], shape=(2,), dtype=float32)"
"tf.Tensor([22.35608  0.     ], shape=(2,), dtype=float32)"
"tf.Tensor([17.615696  0.      ], shape=(2,), dtype=float32)"
"tf.Tensor([45.654457 10.008768], shape=(2,), dtype=float32)"
"tf.Tensor([8.079273 0.      ], shape=(2,), dtype=float32)"
"tf.Tensor([12.403685  0.      ], shape=(2,), dtype=float32)"
"tf.Tensor([12.884275  0.      ], shape=(2,), dtype=float32)"
"tf.Tensor([17.763733  0.      ], shape=(2,), dtype=float32)"
"tf.Tensor([13.539021  0.      ], shape=(2,), dtype=float32)"
"tf.Tensor([13.609417  0.      ], shape=(2,), dtype=float32)"
"tf.Tensor([10.577199  0.      ], shape=(2,), dtype=float32)"
"tf.Tensor([58.078552   7.5154896], shape=(2,), dtype=float32)"
"tf.Tensor([16.557545  0.      ], shape=(2,), dtype=float32)"
"tf.Tensor([9.389999 0.      ], shape=(2,), dtype=float32)"
"tf.Tensor([6.7746854 0.       ], shape=(2,), dtype=float32)"
"tf.Tensor([8.522661 0.      ], shape=(2,), dtype=float32)"
"tf.Tensor([3.6772773 0.       ], shape=(2,), dtype=float32)"
"tf.Tensor([2.362539 0.      ], shape=(2,), dtype=float32)"
"tf.Tensor([16.13574  0.     ], shape=(2,), dtype=float32)"
"tf.Tensor([21.749802  0.      ], shape=(2,), dtype=float32)"
"tf.Tensor([19.361235  0.      ], shape=(2,), dtype=float32)"
"tf.Tensor([11.554647  0.      ], shape=(2,), dtype=float32)"
"tf.Tensor([4172.8535 5292.6943], shape=(2,), dtype=float32)"
"tf.Tensor([12086.583 11985.182], shape=(2,), dtype=float32)"
"tf.Tensor([21588.914 19472.61 ], shape=(2,), dtype=float32)"
"tf.Tensor([26760.393 22788.389], shape=(2,), dtype=float32)"
"tf.Tensor([27332.678 22486.682], shape=(2,), dtype=float32)"
"tf.Tensor([26089.627 21120.746], shape=(2,), dtype=float32)"
"tf.Tensor([25180.025 19659.611], shape=(2,), dtype=float32)"
"tf.Tensor([24538.111 19207.861], shape=(2,), dtype=float32)"
"tf.Tensor([24083.564 19799.355], shape=(2,), dtype=float32)"
"tf.Tensor([27755.213 28643.53 ], shape=(2,), dtype=float32)"
"tf.Tensor([26380.5  29454.86], shape=(2,), dtype=float32)"
"tf.Tensor([27030.912 34705.445], shape=(2,), dtype=float32)"
"tf.Tensor([24031.264 33764.42 ], shape=(2,), dtype=float32)"
"tf.Tensor([20502.656 30571.312], shape=(2,), dtype=float32)"
"tf.Tensor([18437.895 29883.312], shape=(2,), dtype=float32)"
"tf.Tensor([17093.549 28169.67 ], shape=(2,), dtype=float32)"
"tf.Tensor([10752.121 19152.312], shape=(2,), dtype=float32)"
"tf.Tensor([ 9281.198 16800.916], shape=(2,), dtype=float32)"
"tf.Tensor([ 6400.663 11017.904], shape=(2,), dtype=float32)"
"tf.Tensor([3769.9485 5130.0117], shape=(2,), dtype=float32)"
"tf.Tensor([3426.0764 5826.005 ], shape=(2,), dtype=float32)"
"tf.Tensor([2257.8762 3446.0085], shape=(2,), dtype=float32)"
"tf.Tensor([633.375   0.   ], shape=(2,), dtype=float32)"
"tf.Tensor([401.73737   0.     ], shape=(2,), dtype=float32)"
"tf.Tensor([227.42761   0.     ], shape=(2,), dtype=float32)"
"tf.Tensor([80.59982  0.     ], shape=(2,), dtype=float32)"
"tf.Tensor([75.93284  0.     ], shape=(2,), dtype=float32)"
"tf.Tensor([55.120975  0.      ], shape=(2,), dtype=float32)"
"tf.Tensor([16.822609  0.      ], shape=(2,), dtype=float32)"
"tf.Tensor([14.1692505  0.       ], shape=(2,), dtype=float32)"
"tf.Tensor([11.39842  0.     ], shape=(2,), dtype=float32)"
"tf.Tensor([15.189411  0.      ], shape=(2,), dtype=float32)"
"tf.Tensor([13.98163  0.     ], shape=(2,), dtype=float32)"
"tf.Tensor([10.814673  0.      ], shape=(2,), dtype=float32)"
"tf.Tensor([2.5612829 0.       ], shape=(2,), dtype=float32)"
"tf.Tensor([346.74786 975.6722 ], shape=(2,), dtype=float32)"
"tf.Tensor([1257.5712 3410.0667], shape=(2,), dtype=float32)"
"tf.Tensor([2971.4458 6556.171 ], shape=(2,), dtype=float32)"
"tf.Tensor([ 5901.46  13356.645], shape=(2,), dtype=float32)"
"tf.Tensor([ 7520.427 16973.37 ], shape=(2,), dtype=float32)"
"tf.Tensor([ 9273.666 20500.324], shape=(2,), dtype=float32)"
"tf.Tensor([ 9441.129 20975.182], shape=(2,), dtype=float32)"
"tf.Tensor([ 8571.506 19299.543], shape=(2,), dtype=float32)"
"tf.Tensor([ 8951.705 20075.943], shape=(2,), dtype=float32)"
"tf.Tensor([10142.088 22445.918], shape=(2,), dtype=float32)"
"tf.Tensor([ 9817.5   21935.977], shape=(2,), dtype=float32)"
"tf.Tensor([ 8841.177 20045.32 ], shape=(2,), dtype=float32)"
"tf.Tensor([ 7966.3335 18461.281 ], shape=(2,), dtype=float32)"
"tf.Tensor([ 6553.6104 16143.364 ], shape=(2,), dtype=float32)"
"tf.Tensor([ 3810.2507 14756.047 ], shape=(2,), dtype=float32)"
"tf.Tensor([ 2638.6013 12305.265 ], shape=(2,), dtype=float32)"
"tf.Tensor([ 4781.296 13524.245], shape=(2,), dtype=float32)"
"tf.Tensor([ 4420.978 12168.809], shape=(2,), dtype=float32)"
"tf.Tensor([ 3943.084 10403.224], shape=(2,), dtype=float32)"
"tf.Tensor([2410.4426 6356.4116], shape=(2,), dtype=float32)"
"tf.Tensor([1621.0465 4357.8555], shape=(2,), dtype=float32)"
"tf.Tensor([1049.5599 2793.2224], shape=(2,), dtype=float32)"
"tf.Tensor([ 643.4885 1726.446 ], shape=(2,), dtype=float32)"
"tf.Tensor([198.12135 331.48505], shape=(2,), dtype=float32)"
"tf.Tensor([57.403107  0.      ], shape=(2,), dtype=float32)"
"tf.Tensor([24.914751  0.      ], shape=(2,), dtype=float32)"
"tf.Tensor([24.35155  0.     ], shape=(2,), dtype=float32)"
"tf.Tensor([20.345642  0.      ], shape=(2,), dtype=float32)"
"tf.Tensor([9.561505 0.      ], shape=(2,), dtype=float32)"
"tf.Tensor([12.960828  0.      ], shape=(2,), dtype=float32)"
"tf.Tensor([13.57769  0.     ], shape=(2,), dtype=float32)"
"tf.Tensor([2.3939874 0.       ], shape=(2,), dtype=float32)"
"tf.Tensor([12.261387  0.      ], shape=(2,), dtype=float32)"
"tf.Tensor([14.239481  0.      ], shape=(2,), dtype=float32)"
"tf.Tensor([13.2041445  0.       ], shape=(2,), dtype=float32)"
"tf.Tensor([17.165941  0.      ], shape=(2,), dtype=float32)"
"tf.Tensor([284.25546 275.66696], shape=(2,), dtype=float32)"
"tf.Tensor([ 7495.462  10241.0205], shape=(2,), dtype=float32)"
"tf.Tensor([13434.869 18402.648], shape=(2,), dtype=float32)"
"tf.Tensor([17516.15 24122.54], shape=(2,), dtype=float32)"
"tf.Tensor([19917.223 26750.95 ], shape=(2,), dtype=float32)"
"tf.Tensor([20906.582 27228.865], shape=(2,), dtype=float32)"
"tf.Tensor([20702.96  24693.404], shape=(2,), dtype=float32)"
"tf.Tensor([18005.18  19579.525], shape=(2,), dtype=float32)"
"tf.Tensor([16074.832 13495.858], shape=(2,), dtype=float32)"
"tf.Tensor([16975.916 13281.651], shape=(2,), dtype=float32)"
"tf.Tensor([17409.045 12241.189], shape=(2,), dtype=float32)"
"tf.Tensor([16194.066 10552.998], shape=(2,), dtype=float32)"
"tf.Tensor([18126.611 12655.796], shape=(2,), dtype=float32)"
"tf.Tensor([18343.252 15833.941], shape=(2,), dtype=float32)"
"tf.Tensor([19493.584 23378.238], shape=(2,), dtype=float32)"
"tf.Tensor([18053.873 26013.822], shape=(2,), dtype=float32)"
"tf.Tensor([17673.756 28324.441], shape=(2,), dtype=float32)"
"tf.Tensor([14365.363 24807.566], shape=(2,), dtype=float32)"
"tf.Tensor([11790.147 20780.428], shape=(2,), dtype=float32)"
"tf.Tensor([ 6895.539 12228.983], shape=(2,), dtype=float32)"
"tf.Tensor([5121.5586 8053.575 ], shape=(2,), dtype=float32)"
"tf.Tensor([4336.4624 7150.9727], shape=(2,), dtype=float32)"
"tf.Tensor([3539.88   6052.9253], shape=(2,), dtype=float32)"
"tf.Tensor([1816.3917 2866.3823], shape=(2,), dtype=float32)"
"tf.Tensor([1034.1525 1485.1304], shape=(2,), dtype=float32)"
"tf.Tensor([294.04874 177.94835], shape=(2,), dtype=float32)"
"tf.Tensor([13.11396  0.     ], shape=(2,), dtype=float32)"
"tf.Tensor([23.187122  0.      ], shape=(2,), dtype=float32)"
"tf.Tensor([48.72007  0.     ], shape=(2,), dtype=float32)"
"tf.Tensor([10.304266  0.      ], shape=(2,), dtype=float32)"
"tf.Tensor([9.728449 0.      ], shape=(2,), dtype=float32)"
"tf.Tensor([11.15987  0.     ], shape=(2,), dtype=float32)"
"tf.Tensor([8.953131 0.      ], shape=(2,), dtype=float32)"
"tf.Tensor([12.628803  0.      ], shape=(2,), dtype=float32)"
"tf.Tensor([3.0561302 0.       ], shape=(2,), dtype=float32)"
"tf.Tensor([6.987996 0.      ], shape=(2,), dtype=float32)"
"tf.Tensor([284.15198 767.101  ], shape=(2,), dtype=float32)"
"tf.Tensor([1465.8058 4081.2341], shape=(2,), dtype=float32)"
"tf.Tensor([1970.4208 7838.2085], shape=(2,), dtype=float32)"
"tf.Tensor([2374.9858 9917.64  ], shape=(2,), dtype=float32)"
"tf.Tensor([ 1911.2491 10271.305 ], shape=(2,), dtype=float32)"
"tf.Tensor([ 1825.3407 11309.743 ], shape=(2,), dtype=float32)"
"tf.Tensor([ 1923.7762 11359.81  ], shape=(2,), dtype=float32)"
"tf.Tensor([ 2503.6917 12233.98  ], shape=(2,), dtype=float32)"
"tf.Tensor([ 4021.8108 15604.291 ], shape=(2,), dtype=float32)"
"tf.Tensor([ 4000.7664 14894.238 ], shape=(2,), dtype=float32)"
"tf.Tensor([ 3140.8562 14044.219 ], shape=(2,), dtype=float32)"
"tf.Tensor([ 2348.7527 12511.376 ], shape=(2,), dtype=float32)"
"tf.Tensor([ 4288.93  12500.555], shape=(2,), dtype=float32)"
"tf.Tensor([ 4530.464 12700.896], shape=(2,), dtype=float32)"
"tf.Tensor([ 4685.3613 12726.632 ], shape=(2,), dtype=float32)"
"tf.Tensor([ 4025.8142 10657.18  ], shape=(2,), dtype=float32)"
"tf.Tensor([3362.0483 9256.25  ], shape=(2,), dtype=float32)"
"tf.Tensor([2602.0154 7232.5156], shape=(2,), dtype=float32)"
"tf.Tensor([1925.5673 5288.432 ], shape=(2,), dtype=float32)"
"tf.Tensor([1072.8004 2854.8032], shape=(2,), dtype=float32)"
"tf.Tensor([399.51135   0.     ], shape=(2,), dtype=float32)"
"tf.Tensor([286.85037 763.98737], shape=(2,), dtype=float32)"
"tf.Tensor([45.544724  0.      ], shape=(2,), dtype=float32)"
"tf.Tensor([26.150564  0.      ], shape=(2,), dtype=float32)"
"tf.Tensor([13.122471  0.      ], shape=(2,), dtype=float32)"
"tf.Tensor([5.4700623 0.       ], shape=(2,), dtype=float32)"
"tf.Tensor([ 49.93738 162.9593 ], shape=(2,), dtype=float32)"
"tf.Tensor([ 66.06259 269.47543], shape=(2,), dtype=float32)"
"tf.Tensor([ 67.782814 293.1864  ], shape=(2,), dtype=float32)"
"tf.Tensor([ 73.57993 335.00015], shape=(2,), dtype=float32)"
"tf.Tensor([ 54.357613 227.77177 ], shape=(2,), dtype=float32)"
"tf.Tensor([16.013447  0.      ], shape=(2,), dtype=float32)"
"tf.Tensor([11.98045  0.     ], shape=(2,), dtype=float32)"
"tf.Tensor([18.612057  0.      ], shape=(2,), dtype=float32)"
"tf.Tensor([13.069803  0.      ], shape=(2,), dtype=float32)"
"tf.Tensor([27.589848  0.      ], shape=(2,), dtype=float32)"
"tf.Tensor([44.029167  0.      ], shape=(2,), dtype=float32)"
"tf.Tensor([53.432816  0.      ], shape=(2,), dtype=float32)"
"tf.Tensor([58.71974  0.     ], shape=(2,), dtype=float32)"
"tf.Tensor([89.576256  0.      ], shape=(2,), dtype=float32)"
"tf.Tensor([102.068306   0.      ], shape=(2,), dtype=float32)"
"tf.Tensor([97.87165  0.     ], shape=(2,), dtype=float32)"
"tf.Tensor([109.67808   0.     ], shape=(2,), dtype=float32)"
"tf.Tensor([98.68276  0.     ], shape=(2,), dtype=float32)"
"tf.Tensor([97.88525  0.     ], shape=(2,), dtype=float32)"
"tf.Tensor([99.31336  0.     ], shape=(2,), dtype=float32)"
"tf.Tensor([88.89872  0.     ], shape=(2,), dtype=float32)"
"tf.Tensor([82.093285  0.      ], shape=(2,), dtype=float32)"
"tf.Tensor([81.646545  0.      ], shape=(2,), dtype=float32)"
"tf.Tensor([71.12112  0.     ], shape=(2,), dtype=float32)"
"tf.Tensor([57.62584  0.     ], shape=(2,), dtype=float32)"
"tf.Tensor([34.68626  0.     ], shape=(2,), dtype=float32)"
"tf.Tensor([25.960684  0.      ], shape=(2,), dtype=float32)"
"tf.Tensor([17.004412  0.      ], shape=(2,), dtype=float32)"
"tf.Tensor([17.955524  0.      ], shape=(2,), dtype=float32)"
"tf.Tensor([11.992792  0.      ], shape=(2,), dtype=float32)"
"tf.Tensor([10.446064  0.      ], shape=(2,), dtype=float32)"
"tf.Tensor([14.030751  0.      ], shape=(2,), dtype=float32)"
"tf.Tensor([15.673304  0.      ], shape=(2,), dtype=float32)"
"tf.Tensor([17.156422  0.      ], shape=(2,), dtype=float32)"
"tf.Tensor([10.652011  0.      ], shape=(2,), dtype=float32)"
"tf.Tensor([9.21945 0.     ], shape=(2,), dtype=float32)"
"tf.Tensor([15.351394  0.      ], shape=(2,), dtype=float32)"
"tf.Tensor([17.48436  0.     ], shape=(2,), dtype=float32)"
"tf.Tensor([12.763006  0.      ], shape=(2,), dtype=float32)"
"tf.Tensor([13.017808  0.      ], shape=(2,), dtype=float32)"
"tf.Tensor([2.7704937 0.       ], shape=(2,), dtype=float32)"
"tf.Tensor([5.2574115 0.       ], shape=(2,), dtype=float32)"
"tf.Tensor([7.2850056 0.       ], shape=(2,), dtype=float32)"
"tf.Tensor([16.559816  0.      ], shape=(2,), dtype=float32)"
"tf.Tensor([30.900478  0.      ], shape=(2,), dtype=float32)"
"tf.Tensor([53.313004  0.      ], shape=(2,), dtype=float32)"
"tf.Tensor([73.433075  0.      ], shape=(2,), dtype=float32)"
"tf.Tensor([89.67447  0.     ], shape=(2,), dtype=float32)"
"tf.Tensor([86.829285  0.      ], shape=(2,), dtype=float32)"
"tf.Tensor([88.71725  0.     ], shape=(2,), dtype=float32)"
"tf.Tensor([91.583244  0.      ], shape=(2,), dtype=float32)"
"tf.Tensor([88.686226  0.      ], shape=(2,), dtype=float32)"
"tf.Tensor([89.101006  0.      ], shape=(2,), dtype=float32)"
"tf.Tensor([97.7741  0.    ], shape=(2,), dtype=float32)"
"tf.Tensor([86.340675  0.      ], shape=(2,), dtype=float32)"
"tf.Tensor([83.80346  0.     ], shape=(2,), dtype=float32)"
"tf.Tensor([72.02029  0.     ], shape=(2,), dtype=float32)"
"tf.Tensor([57.876442  0.      ], shape=(2,), dtype=float32)"
"tf.Tensor([52.899666  0.      ], shape=(2,), dtype=float32)"
"tf.Tensor([42.485672  0.      ], shape=(2,), dtype=float32)"
"tf.Tensor([35.536743  0.      ], shape=(2,), dtype=float32)"
"tf.Tensor([25.357323  0.      ], shape=(2,), dtype=float32)"
"tf.Tensor([14.439301  0.      ], shape=(2,), dtype=float32)"
"tf.Tensor([16.950867  0.      ], shape=(2,), dtype=float32)"
"tf.Tensor([8.620863 0.      ], shape=(2,), dtype=float32)"
"tf.Tensor([14.866441  0.      ], shape=(2,), dtype=float32)"
"tf.Tensor([13.887299  0.      ], shape=(2,), dtype=float32)"
"tf.Tensor([20.096115  0.      ], shape=(2,), dtype=float32)"
"tf.Tensor([15.053944  0.      ], shape=(2,), dtype=float32)"
"tf.Tensor([7.8229103 0.       ], shape=(2,), dtype=float32)"
"tf.Tensor([12.542423  0.      ], shape=(2,), dtype=float32)"
"tf.Tensor([15.784063  0.      ], shape=(2,), dtype=float32)"
"tf.Tensor([14.021393  0.      ], shape=(2,), dtype=float32)"
"tf.Tensor([10.938571  0.      ], shape=(2,), dtype=float32)"
"tf.Tensor([14.633913  0.      ], shape=(2,), dtype=float32)"
"tf.Tensor([19.501852  0.      ], shape=(2,), dtype=float32)"
"tf.Tensor([9.347935 0.      ], shape=(2,), dtype=float32)"
"tf.Tensor([10.112144  0.      ], shape=(2,), dtype=float32)"
"tf.Tensor([15.136196  0.      ], shape=(2,), dtype=float32)"
"tf.Tensor([16.652445  0.      ], shape=(2,), dtype=float32)"
"tf.Tensor([17.284912  0.      ], shape=(2,), dtype=float32)"
"tf.Tensor([10.135761  0.      ], shape=(2,), dtype=float32)"
"tf.Tensor([4.700632 0.      ], shape=(2,), dtype=float32)"
"tf.Tensor([ 481.53397 1329.2783 ], shape=(2,), dtype=float32)"
"tf.Tensor([1880.4423 4504.7812], shape=(2,), dtype=float32)"
"tf.Tensor([3916.9216 9596.553 ], shape=(2,), dtype=float32)"
"tf.Tensor([ 4960.346 11900.918], shape=(2,), dtype=float32)"
"tf.Tensor([ 6198.224 14406.74 ], shape=(2,), dtype=float32)"
"tf.Tensor([ 7024.3086 15946.831 ], shape=(2,), dtype=float32)"
"tf.Tensor([ 8033.9854 18126.96  ], shape=(2,), dtype=float32)"
"tf.Tensor([ 9120.324 20292.873], shape=(2,), dtype=float32)"
"tf.Tensor([ 9878.63  22009.262], shape=(2,), dtype=float32)"
"tf.Tensor([11252.964 24692.836], shape=(2,), dtype=float32)"
"tf.Tensor([10111.549 22905.945], shape=(2,), dtype=float32)"
"tf.Tensor([ 8180.9497 20224.592 ], shape=(2,), dtype=float32)"
"tf.Tensor([ 4135.7686 17525.88  ], shape=(2,), dtype=float32)"
"tf.Tensor([ 6693.573 18638.623], shape=(2,), dtype=float32)"
"tf.Tensor([ 6027.0806 16429.994 ], shape=(2,), dtype=float32)"
"tf.Tensor([ 5357.1636 14321.566 ], shape=(2,), dtype=float32)"
"tf.Tensor([ 4650.0312 12775.699 ], shape=(2,), dtype=float32)"
"tf.Tensor([3502.403 9685.734], shape=(2,), dtype=float32)"
"tf.Tensor([2519.8706 6726.339 ], shape=(2,), dtype=float32)"
"tf.Tensor([1137.0863 3043.5266], shape=(2,), dtype=float32)"
"tf.Tensor([418.78943   0.     ], shape=(2,), dtype=float32)"
"tf.Tensor([246.21822   0.     ], shape=(2,), dtype=float32)"
"tf.Tensor([104.94944 290.4326 ], shape=(2,), dtype=float32)"
"tf.Tensor([22.073706  0.      ], shape=(2,), dtype=float32)"
"tf.Tensor([21.788425  0.      ], shape=(2,), dtype=float32)"
"tf.Tensor([10.141275  0.      ], shape=(2,), dtype=float32)"
"tf.Tensor([8.622343 0.      ], shape=(2,), dtype=float32)"
"tf.Tensor([8.164041 0.      ], shape=(2,), dtype=float32)"
"tf.Tensor([8.920145 0.      ], shape=(2,), dtype=float32)"
"tf.Tensor([13.650331  0.      ], shape=(2,), dtype=float32)"
"tf.Tensor([18.351025  0.      ], shape=(2,), dtype=float32)"
"tf.Tensor([21.29862  0.     ], shape=(2,), dtype=float32)"
"tf.Tensor([26.26256  0.     ], shape=(2,), dtype=float32)"
"tf.Tensor([13.415348  0.      ], shape=(2,), dtype=float32)"
"tf.Tensor([5.636262 0.      ], shape=(2,), dtype=float32)"
"tf.Tensor([772.2665  214.20377], shape=(2,), dtype=float32)"
"tf.Tensor([5253.078  2110.2026], shape=(2,), dtype=float32)"
"tf.Tensor([9370.764  3831.8062], shape=(2,), dtype=float32)"
"tf.Tensor([12215.841   4959.2983], shape=(2,), dtype=float32)"
"tf.Tensor([14390.877   5807.2065], shape=(2,), dtype=float32)"
"tf.Tensor([16675.328   7479.0063], shape=(2,), dtype=float32)"
"tf.Tensor([20787.701 10453.309], shape=(2,), dtype=float32)"
"tf.Tensor([22640.133 11603.107], shape=(2,), dtype=float32)"
"tf.Tensor([23914.797 12321.124], shape=(2,), dtype=float32)"
"tf.Tensor([23679.682 11898.801], shape=(2,), dtype=float32)"
"tf.Tensor([23137.086 11144.349], shape=(2,), dtype=float32)"
"tf.Tensor([19311.512  8192.582], shape=(2,), dtype=float32)"
"tf.Tensor([14926.662   5420.4473], shape=(2,), dtype=float32)"
"tf.Tensor([11160.357  2856.691], shape=(2,), dtype=float32)"
"tf.Tensor([7116.629   986.8577], shape=(2,), dtype=float32)"
"tf.Tensor([4577.2373  533.6606], shape=(2,), dtype=float32)"
"tf.Tensor([3542.7625     16.440535], shape=(2,), dtype=float32)"
"tf.Tensor([3191.7983    0.    ], shape=(2,), dtype=float32)"
"tf.Tensor([2886.1892    0.    ], shape=(2,), dtype=float32)"
"tf.Tensor([2158.241    0.   ], shape=(2,), dtype=float32)"
"tf.Tensor([1573.2657    0.    ], shape=(2,), dtype=float32)"
"tf.Tensor([1020.0624    0.    ], shape=(2,), dtype=float32)"
"tf.Tensor([726.8203   0.    ], shape=(2,), dtype=float32)"
"tf.Tensor([662.429   0.   ], shape=(2,), dtype=float32)"
"tf.Tensor([487.76727   0.     ], shape=(2,), dtype=float32)"
"tf.Tensor([306.21423   0.     ], shape=(2,), dtype=float32)"
"tf.Tensor([170.2166   0.    ], shape=(2,), dtype=float32)"
"tf.Tensor([57.432518  0.      ], shape=(2,), dtype=float32)"
"tf.Tensor([43.84061  0.     ], shape=(2,), dtype=float32)"
"tf.Tensor([21.502302  0.      ], shape=(2,), dtype=float32)"
"tf.Tensor([19.334719  0.      ], shape=(2,), dtype=float32)"
"tf.Tensor([19.635078  0.      ], shape=(2,), dtype=float32)"
"tf.Tensor([17.243124  0.      ], shape=(2,), dtype=float32)"
"tf.Tensor([15.356224  0.      ], shape=(2,), dtype=float32)"
"tf.Tensor([3.1597154 0.       ], shape=(2,), dtype=float32)"
"tf.Tensor([7.64384 0.     ], shape=(2,), dtype=float32)"
"tf.Tensor([5.5783014 0.       ], shape=(2,), dtype=float32)"
"tf.Tensor([22.817596  0.      ], shape=(2,), dtype=float32)"
"tf.Tensor([29.726557  0.      ], shape=(2,), dtype=float32)"
"tf.Tensor([67.31292  0.     ], shape=(2,), dtype=float32)"
"tf.Tensor([82.1949  0.    ], shape=(2,), dtype=float32)"
"tf.Tensor([98.094505  0.      ], shape=(2,), dtype=float32)"
"tf.Tensor([95.67019  0.     ], shape=(2,), dtype=float32)"
"tf.Tensor([82.34707  0.     ], shape=(2,), dtype=float32)"
"tf.Tensor([79.31637  0.     ], shape=(2,), dtype=float32)"
"tf.Tensor([72.70132  0.     ], shape=(2,), dtype=float32)"
"tf.Tensor([65.57132  0.     ], shape=(2,), dtype=float32)"
"tf.Tensor([63.05671  0.     ], shape=(2,), dtype=float32)"
"tf.Tensor([68.27146  0.     ], shape=(2,), dtype=float32)"
"tf.Tensor([78.0656  0.    ], shape=(2,), dtype=float32)"
"tf.Tensor([65.54711  0.     ], shape=(2,), dtype=float32)"
"tf.Tensor([51.768356  0.      ], shape=(2,), dtype=float32)"
"tf.Tensor([37.49089  0.     ], shape=(2,), dtype=float32)"
"tf.Tensor([27.860806  0.      ], shape=(2,), dtype=float32)"
"tf.Tensor([31.52421  0.     ], shape=(2,), dtype=float32)"
"tf.Tensor([35.340736  0.      ], shape=(2,), dtype=float32)"
"tf.Tensor([18.698425  0.      ], shape=(2,), dtype=float32)"
"tf.Tensor([18.753208  0.      ], shape=(2,), dtype=float32)"
"tf.Tensor([22.996357  0.      ], shape=(2,), dtype=float32)"
"tf.Tensor([17.787155  0.      ], shape=(2,), dtype=float32)"
"tf.Tensor([17.86987  0.     ], shape=(2,), dtype=float32)"
"tf.Tensor([12.791409  0.      ], shape=(2,), dtype=float32)"
"tf.Tensor([15.011051  0.      ], shape=(2,), dtype=float32)"
"tf.Tensor([15.848778  0.      ], shape=(2,), dtype=float32)"
"tf.Tensor([6.182818 0.      ], shape=(2,), dtype=float32)"
"tf.Tensor([14.236403  0.      ], shape=(2,), dtype=float32)"
"tf.Tensor([15.670122  0.      ], shape=(2,), dtype=float32)"
"tf.Tensor([16.145359  0.      ], shape=(2,), dtype=float32)"
"tf.Tensor([21.627274  0.      ], shape=(2,), dtype=float32)"
"tf.Tensor([16.450176  0.      ], shape=(2,), dtype=float32)"
"tf.Tensor([3.6470134 0.       ], shape=(2,), dtype=float32)"
"tf.Tensor([9.861372 0.      ], shape=(2,), dtype=float32)"
"tf.Tensor([12.9498825  0.       ], shape=(2,), dtype=float32)"
"tf.Tensor([14.583297  0.      ], shape=(2,), dtype=float32)"
"tf.Tensor([15.598352  0.      ], shape=(2,), dtype=float32)"
"tf.Tensor([41.68642 75.19639], shape=(2,), dtype=float32)"
"tf.Tensor([1751.7136 4791.2114], shape=(2,), dtype=float32)"
"tf.Tensor([ 5816.3926 12077.582 ], shape=(2,), dtype=float32)"
"tf.Tensor([ 8740.977 18315.73 ], shape=(2,), dtype=float32)"
"tf.Tensor([10096.27  21858.162], shape=(2,), dtype=float32)"
"tf.Tensor([ 8662.556 19467.373], shape=(2,), dtype=float32)"
"tf.Tensor([ 7998.275 19377.396], shape=(2,), dtype=float32)"
"tf.Tensor([ 7269.797 18151.148], shape=(2,), dtype=float32)"
"tf.Tensor([ 4637.493 18834.703], shape=(2,), dtype=float32)"
"tf.Tensor([ 3422.4465 18009.244 ], shape=(2,), dtype=float32)"
"tf.Tensor([ 3332.173 16829.486], shape=(2,), dtype=float32)"
"tf.Tensor([ 6789.581 19448.328], shape=(2,), dtype=float32)"
"tf.Tensor([ 7387.7837 20702.232 ], shape=(2,), dtype=float32)"
"tf.Tensor([ 6921.424 18964.762], shape=(2,), dtype=float32)"
"tf.Tensor([ 5485.754 14675.562], shape=(2,), dtype=float32)"
"tf.Tensor([ 5003.394 13208.759], shape=(2,), dtype=float32)"
"tf.Tensor([3722.8745 9905.003 ], shape=(2,), dtype=float32)"
"tf.Tensor([2247.401  6149.9194], shape=(2,), dtype=float32)"
"tf.Tensor([1648.1766 4611.992 ], shape=(2,), dtype=float32)"
"tf.Tensor([1312.4131 3647.08  ], shape=(2,), dtype=float32)"
"tf.Tensor([498.37402   0.     ], shape=(2,), dtype=float32)"
"tf.Tensor([295.0484   0.    ], shape=(2,), dtype=float32)"
"tf.Tensor([41.42826  0.     ], shape=(2,), dtype=float32)"
"tf.Tensor([42.878746  0.      ], shape=(2,), dtype=float32)"
"tf.Tensor([21.999254  0.      ], shape=(2,), dtype=float32)"
"tf.Tensor([24.818714  0.      ], shape=(2,), dtype=float32)"
"tf.Tensor([20.244226  0.      ], shape=(2,), dtype=float32)"
"tf.Tensor([18.782774  0.      ], shape=(2,), dtype=float32)"
"tf.Tensor([22.615547  0.      ], shape=(2,), dtype=float32)"
"tf.Tensor([14.572392  0.      ], shape=(2,), dtype=float32)"
"tf.Tensor([5.8972635 0.       ], shape=(2,), dtype=float32)"
"tf.Tensor([8.399361 0.      ], shape=(2,), dtype=float32)"
"tf.Tensor([29.972414  0.      ], shape=(2,), dtype=float32)"
"tf.Tensor([40.58778  0.     ], shape=(2,), dtype=float32)"
"tf.Tensor([65.474335  0.      ], shape=(2,), dtype=float32)"
"tf.Tensor([87.96284  0.     ], shape=(2,), dtype=float32)"
"tf.Tensor([101.064705   0.      ], shape=(2,), dtype=float32)"
"tf.Tensor([101.250084   0.      ], shape=(2,), dtype=float32)"
"tf.Tensor([97.23553  0.     ], shape=(2,), dtype=float32)"
"tf.Tensor([104.024315   0.      ], shape=(2,), dtype=float32)"
"tf.Tensor([108.39321   0.     ], shape=(2,), dtype=float32)"
"tf.Tensor([102.86593   0.     ], shape=(2,), dtype=float32)"
"tf.Tensor([101.46073   0.     ], shape=(2,), dtype=float32)"
"tf.Tensor([97.83985  0.     ], shape=(2,), dtype=float32)"
"tf.Tensor([94.54667  0.     ], shape=(2,), dtype=float32)"
"tf.Tensor([97.87536  0.     ], shape=(2,), dtype=float32)"
"tf.Tensor([83.69254  0.     ], shape=(2,), dtype=float32)"
"tf.Tensor([76.819496  0.      ], shape=(2,), dtype=float32)"
"tf.Tensor([68.733665  0.      ], shape=(2,), dtype=float32)"
"tf.Tensor([58.08972  0.     ], shape=(2,), dtype=float32)"
"tf.Tensor([53.764717  0.      ], shape=(2,), dtype=float32)"
"tf.Tensor([54.01767  0.     ], shape=(2,), dtype=float32)"
"tf.Tensor([43.57566  0.     ], shape=(2,), dtype=float32)"
"tf.Tensor([36.689617  0.      ], shape=(2,), dtype=float32)"
"tf.Tensor([39.112156  0.      ], shape=(2,), dtype=float32)"
"tf.Tensor([19.433033  0.      ], shape=(2,), dtype=float32)"
"tf.Tensor([7.8628483 0.       ], shape=(2,), dtype=float32)"
"tf.Tensor([5.2095623 0.       ], shape=(2,), dtype=float32)"
"tf.Tensor([2.40143 0.     ], shape=(2,), dtype=float32)"
"tf.Tensor([3.2159631 0.       ], shape=(2,), dtype=float32)"
"tf.Tensor([5.8356266 0.       ], shape=(2,), dtype=float32)"
"tf.Tensor([12.502817  0.      ], shape=(2,), dtype=float32)"
"tf.Tensor([10.588642  0.      ], shape=(2,), dtype=float32)"
"tf.Tensor([13.800089  0.      ], shape=(2,), dtype=float32)"
"tf.Tensor([6.289116 0.      ], shape=(2,), dtype=float32)"
"tf.Tensor([3.2227628 0.       ], shape=(2,), dtype=float32)"
"tf.Tensor([7.5352707 0.       ], shape=(2,), dtype=float32)"
"tf.Tensor([0. 0.], shape=(2,), dtype=float32)"
"tf.Tensor([2.9904726 0.       ], shape=(2,), dtype=float32)"
"tf.Tensor([15.875771  0.      ], shape=(2,), dtype=float32)"
"tf.Tensor([22.76086  0.     ], shape=(2,), dtype=float32)"
"tf.Tensor([17.539886  0.      ], shape=(2,), dtype=float32)"
"tf.Tensor([12.12432  0.     ], shape=(2,), dtype=float32)"
"tf.Tensor([2666.7185  704.0528], shape=(2,), dtype=float32)"
"tf.Tensor([7921.261 3086.778], shape=(2,), dtype=float32)"
"tf.Tensor([13121.117  5498.23 ], shape=(2,), dtype=float32)"
"tf.Tensor([17478.256  8496.694], shape=(2,), dtype=float32)"
"tf.Tensor([21715.568 11387.871], shape=(2,), dtype=float32)"
"tf.Tensor([24623.256 13051.45 ], shape=(2,), dtype=float32)"
"tf.Tensor([27307.572 14521.463], shape=(2,), dtype=float32)"
"tf.Tensor([28885.6   15146.994], shape=(2,), dtype=float32)"
"tf.Tensor([26743.084 13218.957], shape=(2,), dtype=float32)"
"tf.Tensor([21498.814  8805.499], shape=(2,), dtype=float32)"
"tf.Tensor([13332.141   3913.2769], shape=(2,), dtype=float32)"
"tf.Tensor([7378.029   1023.87213], shape=(2,), dtype=float32)"
"tf.Tensor([4440.5864   341.65875], shape=(2,), dtype=float32)"
"tf.Tensor([3658.3347    0.    ], shape=(2,), dtype=float32)"
"tf.Tensor([3320.8174    0.    ], shape=(2,), dtype=float32)"
"tf.Tensor([2785.1953    0.    ], shape=(2,), dtype=float32)"
"tf.Tensor([2092.925    0.   ], shape=(2,), dtype=float32)"
"tf.Tensor([1434.536    0.   ], shape=(2,), dtype=float32)"
"tf.Tensor([823.81085   0.     ], shape=(2,), dtype=float32)"
"tf.Tensor([835.7511   0.    ], shape=(2,), dtype=float32)"
"tf.Tensor([613.4681   0.    ], shape=(2,), dtype=float32)"
"tf.Tensor([434.13977   0.     ], shape=(2,), dtype=float32)"
"tf.Tensor([202.7827   0.    ], shape=(2,), dtype=float32)"
"tf.Tensor([36.151794  0.      ], shape=(2,), dtype=float32)"
"tf.Tensor([15.229325  0.      ], shape=(2,), dtype=float32)"
"tf.Tensor([18.950724  0.      ], shape=(2,), dtype=float32)"
"tf.Tensor([31.866644  0.      ], shape=(2,), dtype=float32)"
"tf.Tensor([19.158102  0.      ], shape=(2,), dtype=float32)"
"tf.Tensor([12.411406  0.      ], shape=(2,), dtype=float32)"
"tf.Tensor([11.103231  0.      ], shape=(2,), dtype=float32)"
"tf.Tensor([9.450647 0.      ], shape=(2,), dtype=float32)"
"tf.Tensor([13.090168  0.      ], shape=(2,), dtype=float32)"
"tf.Tensor([17.015503  0.      ], shape=(2,), dtype=float32)"
"tf.Tensor([14.945047  0.      ], shape=(2,), dtype=float32)"
"tf.Tensor([26.797602  0.      ], shape=(2,), dtype=float32)"
"tf.Tensor([44.031643  0.      ], shape=(2,), dtype=float32)"
"tf.Tensor([65.45595  0.     ], shape=(2,), dtype=float32)"
"tf.Tensor([64.2922  0.    ], shape=(2,), dtype=float32)"
"tf.Tensor([71.69067  0.     ], shape=(2,), dtype=float32)"
"tf.Tensor([77.01295  0.     ], shape=(2,), dtype=float32)"
"tf.Tensor([93.9278  0.    ], shape=(2,), dtype=float32)"
"tf.Tensor([99.00387  0.     ], shape=(2,), dtype=float32)"
"tf.Tensor([103.87557   0.     ], shape=(2,), dtype=float32)"
"tf.Tensor([105.65168   0.     ], shape=(2,), dtype=float32)"
"tf.Tensor([99.656624  0.      ], shape=(2,), dtype=float32)"
"tf.Tensor([101.306984   0.      ], shape=(2,), dtype=float32)"
"tf.Tensor([85.26052  0.     ], shape=(2,), dtype=float32)"
"tf.Tensor([83.41364  0.     ], shape=(2,), dtype=float32)"
"tf.Tensor([73.00325  0.     ], shape=(2,), dtype=float32)"
"tf.Tensor([68.967766  0.      ], shape=(2,), dtype=float32)"
"tf.Tensor([58.532646  0.      ], shape=(2,), dtype=float32)"
"tf.Tensor([46.74668  0.     ], shape=(2,), dtype=float32)"
"tf.Tensor([34.07339  0.     ], shape=(2,), dtype=float32)"
"tf.Tensor([23.23013  0.     ], shape=(2,), dtype=float32)"
"tf.Tensor([18.166777  0.      ], shape=(2,), dtype=float32)"
"tf.Tensor([12.434647  0.      ], shape=(2,), dtype=float32)"
"tf.Tensor([9.074175 0.      ], shape=(2,), dtype=float32)"
"tf.Tensor([8.940018 0.      ], shape=(2,), dtype=float32)"
"tf.Tensor([10.229343  0.      ], shape=(2,), dtype=float32)"
"tf.Tensor([6.449071 0.      ], shape=(2,), dtype=float32)"
"tf.Tensor([6.9300203 0.       ], shape=(2,), dtype=float32)"
"tf.Tensor([8.088085 0.      ], shape=(2,), dtype=float32)"
"tf.Tensor([9.05739 0.     ], shape=(2,), dtype=float32)"
"tf.Tensor([9.052587 0.      ], shape=(2,), dtype=float32)"
"tf.Tensor([10.605245  0.      ], shape=(2,), dtype=float32)"
"tf.Tensor([13.941399  0.      ], shape=(2,), dtype=float32)"
"tf.Tensor([17.83094  0.     ], shape=(2,), dtype=float32)"
"tf.Tensor([21.176163  0.      ], shape=(2,), dtype=float32)"
"tf.Tensor([29.748014  0.      ], shape=(2,), dtype=float32)"
"tf.Tensor([34.136723  0.      ], shape=(2,), dtype=float32)"
"tf.Tensor([25.283085  0.      ], shape=(2,), dtype=float32)"
"tf.Tensor([20.730091  0.      ], shape=(2,), dtype=float32)"
"tf.Tensor([17.74762  0.     ], shape=(2,), dtype=float32)"
"tf.Tensor([20.819817  0.      ], shape=(2,), dtype=float32)"
"tf.Tensor([123.67516 426.48865], shape=(2,), dtype=float32)"
"tf.Tensor([1963.124 5148.909], shape=(2,), dtype=float32)"
"tf.Tensor([3470.2888 8873.661 ], shape=(2,), dtype=float32)"
"tf.Tensor([ 2856.7727 12179.606 ], shape=(2,), dtype=float32)"
"tf.Tensor([ 2291.1584 11888.376 ], shape=(2,), dtype=float32)"
"tf.Tensor([ 2193.9573 12174.392 ], shape=(2,), dtype=float32)"
"tf.Tensor([ 3828.549 16096.463], shape=(2,), dtype=float32)"
"tf.Tensor([ 4404.678 16988.516], shape=(2,), dtype=float32)"
"tf.Tensor([ 4382.723 16750.918], shape=(2,), dtype=float32)"
"tf.Tensor([ 6216.624 15690.147], shape=(2,), dtype=float32)"
"tf.Tensor([ 6069.3984 15032.496 ], shape=(2,), dtype=float32)"
"tf.Tensor([ 5872.672 14686.743], shape=(2,), dtype=float32)"
"tf.Tensor([ 3966.1057 15859.58  ], shape=(2,), dtype=float32)"
"tf.Tensor([ 6402.8887 17784.877 ], shape=(2,), dtype=float32)"
"tf.Tensor([ 6981.8364 18962.576 ], shape=(2,), dtype=float32)"
"tf.Tensor([ 6686.6543 17874.998 ], shape=(2,), dtype=float32)"
"tf.Tensor([ 5567.4023 15160.018 ], shape=(2,), dtype=float32)"
"tf.Tensor([ 4945.7393 13672.34  ], shape=(2,), dtype=float32)"
"tf.Tensor([ 4393.0576 12051.3   ], shape=(2,), dtype=float32)"
"tf.Tensor([2961.0813 8222.37  ], shape=(2,), dtype=float32)"
"tf.Tensor([1898.1068 5158.2383], shape=(2,), dtype=float32)"
"tf.Tensor([1145.0345 3154.1548], shape=(2,), dtype=float32)"
"tf.Tensor([461.03088   0.     ], shape=(2,), dtype=float32)"
"tf.Tensor([203.60977   0.     ], shape=(2,), dtype=float32)"
"tf.Tensor([80.870705 22.671251], shape=(2,), dtype=float32)"
"tf.Tensor([67.48539  0.     ], shape=(2,), dtype=float32)"
"tf.Tensor([69.16501  0.     ], shape=(2,), dtype=float32)"
"tf.Tensor([13.340914  0.      ], shape=(2,), dtype=float32)"
"tf.Tensor([9.356595 0.      ], shape=(2,), dtype=float32)"
"tf.Tensor([14.215947  0.      ], shape=(2,), dtype=float32)"
"tf.Tensor([6.366379 0.      ], shape=(2,), dtype=float32)"
"tf.Tensor([14.365046  0.      ], shape=(2,), dtype=float32)"
"tf.Tensor([9.260706 0.      ], shape=(2,), dtype=float32)"
"tf.Tensor([10.915066  0.      ], shape=(2,), dtype=float32)"
"tf.Tensor([22.103111  0.      ], shape=(2,), dtype=float32)"
"tf.Tensor([33.45573  0.     ], shape=(2,), dtype=float32)"
"tf.Tensor([44.286976  0.      ], shape=(2,), dtype=float32)"
"tf.Tensor([53.599594  0.      ], shape=(2,), dtype=float32)"
"tf.Tensor([76.09135  0.     ], shape=(2,), dtype=float32)"
"tf.Tensor([86.43043  0.     ], shape=(2,), dtype=float32)"
"tf.Tensor([96.934685  0.      ], shape=(2,), dtype=float32)"
"tf.Tensor([100.18104   0.     ], shape=(2,), dtype=float32)"
"tf.Tensor([100.52152   0.     ], shape=(2,), dtype=float32)"
"tf.Tensor([103.61433   0.     ], shape=(2,), dtype=float32)"
"tf.Tensor([100.22892   0.     ], shape=(2,), dtype=float32)"
"tf.Tensor([90.757164  0.      ], shape=(2,), dtype=float32)"
"tf.Tensor([92.79163  0.     ], shape=(2,), dtype=float32)"
"tf.Tensor([91.92988  0.     ], shape=(2,), dtype=float32)"
"tf.Tensor([99.93818  0.     ], shape=(2,), dtype=float32)"
"tf.Tensor([79.39152  0.     ], shape=(2,), dtype=float32)"
"tf.Tensor([77.43339  0.     ], shape=(2,), dtype=float32)"
"tf.Tensor([61.31936  0.     ], shape=(2,), dtype=float32)"
"tf.Tensor([52.467323  0.      ], shape=(2,), dtype=float32)"
"tf.Tensor([40.686764  0.      ], shape=(2,), dtype=float32)"
"tf.Tensor([38.818172  0.      ], shape=(2,), dtype=float32)"
"tf.Tensor([34.651867  0.      ], shape=(2,), dtype=float32)"
"tf.Tensor([36.45588  0.     ], shape=(2,), dtype=float32)"
"tf.Tensor([12.402649  0.      ], shape=(2,), dtype=float32)"
"tf.Tensor([8.785404 0.      ], shape=(2,), dtype=float32)"
"tf.Tensor([2.8118942 0.       ], shape=(2,), dtype=float32)"
"tf.Tensor([6.979904 0.      ], shape=(2,), dtype=float32)"
"tf.Tensor([11.235878  0.      ], shape=(2,), dtype=float32)"
"tf.Tensor([5.266307 0.      ], shape=(2,), dtype=float32)"
"tf.Tensor([3.8817565 0.       ], shape=(2,), dtype=float32)"
"tf.Tensor([8.43445 0.     ], shape=(2,), dtype=float32)"
"tf.Tensor([9.643379 0.      ], shape=(2,), dtype=float32)"
"tf.Tensor([7.7891803 0.       ], shape=(2,), dtype=float32)"
"tf.Tensor([8.260681 0.      ], shape=(2,), dtype=float32)"
"tf.Tensor([4.164936 0.      ], shape=(2,), dtype=float32)"
"tf.Tensor([6.2355604 0.       ], shape=(2,), dtype=float32)"
"tf.Tensor([6.3599806 0.       ], shape=(2,), dtype=float32)"
"tf.Tensor([8.448904 0.      ], shape=(2,), dtype=float32)"
"tf.Tensor([9.940489 0.      ], shape=(2,), dtype=float32)"
"tf.Tensor([8.764929 0.      ], shape=(2,), dtype=float32)"
"tf.Tensor([13.245919  0.      ], shape=(2,), dtype=float32)"
"tf.Tensor([4120.3936 5225.095 ], shape=(2,), dtype=float32)"
"tf.Tensor([10456.178 13468.333], shape=(2,), dtype=float32)"
"tf.Tensor([16796.984 21570.947], shape=(2,), dtype=float32)"
"tf.Tensor([24318.209 31226.955], shape=(2,), dtype=float32)"
"tf.Tensor([29259.268 35882.49 ], shape=(2,), dtype=float32)"
"tf.Tensor([27105.7   30829.186], shape=(2,), dtype=float32)"
"tf.Tensor([26203.424 27326.03 ], shape=(2,), dtype=float32)"
"tf.Tensor([24862.76  24844.822], shape=(2,), dtype=float32)"
"tf.Tensor([23308.549 21623.105], shape=(2,), dtype=float32)"
"tf.Tensor([21579.697 18533.482], shape=(2,), dtype=float32)"
"tf.Tensor([19875.709 16562.   ], shape=(2,), dtype=float32)"
"tf.Tensor([25166.037 27883.7  ], shape=(2,), dtype=float32)"
"tf.Tensor([27925.094 35475.49 ], shape=(2,), dtype=float32)"
"tf.Tensor([26908.695 38564.945], shape=(2,), dtype=float32)"
"tf.Tensor([25670.975 39017.918], shape=(2,), dtype=float32)"
"tf.Tensor([21633.021 35254.125], shape=(2,), dtype=float32)"
"tf.Tensor([17918.168 31083.217], shape=(2,), dtype=float32)"
"tf.Tensor([12884.191 23162.707], shape=(2,), dtype=float32)"
"tf.Tensor([ 8236.708 14360.942], shape=(2,), dtype=float32)"
"tf.Tensor([4119.615  6524.8506], shape=(2,), dtype=float32)"
"tf.Tensor([2747.2148 4427.429 ], shape=(2,), dtype=float32)"
"tf.Tensor([1540.449  2117.8562], shape=(2,), dtype=float32)"
"tf.Tensor([352.03455   0.     ], shape=(2,), dtype=float32)"
"tf.Tensor([396.8125  533.02344], shape=(2,), dtype=float32)"
"tf.Tensor([87.08967  0.     ], shape=(2,), dtype=float32)"
"tf.Tensor([47.411705  0.      ], shape=(2,), dtype=float32)"
"tf.Tensor([28.31783  0.     ], shape=(2,), dtype=float32)"
"tf.Tensor([5.509733 0.      ], shape=(2,), dtype=float32)"
"tf.Tensor([3.8879702 0.       ], shape=(2,), dtype=float32)"
"tf.Tensor([3.2927663 0.       ], shape=(2,), dtype=float32)"
"tf.Tensor([1.0996345 0.       ], shape=(2,), dtype=float32)"
"tf.Tensor([8.342573 0.      ], shape=(2,), dtype=float32)"
"tf.Tensor([9.249373 0.      ], shape=(2,), dtype=float32)"
"tf.Tensor([281.18747 461.6227 ], shape=(2,), dtype=float32)"
"tf.Tensor([5468.0854 6849.4966], shape=(2,), dtype=float32)"
"tf.Tensor([11436.613 12975.676], shape=(2,), dtype=float32)"
"tf.Tensor([16920.271 19044.893], shape=(2,), dtype=float32)"
"tf.Tensor([19698.672 22007.307], shape=(2,), dtype=float32)"
"tf.Tensor([18807.213 20994.76 ], shape=(2,), dtype=float32)"
"tf.Tensor([21085.635 23661.033], shape=(2,), dtype=float32)"
"tf.Tensor([22751.248 25452.545], shape=(2,), dtype=float32)"
"tf.Tensor([23435.717 25121.053], shape=(2,), dtype=float32)"
"tf.Tensor([23367.486 23512.676], shape=(2,), dtype=float32)"
"tf.Tensor([23366.867 23869.67 ], shape=(2,), dtype=float32)"
"tf.Tensor([25542.822 28696.033], shape=(2,), dtype=float32)"
"tf.Tensor([24638.113 27596.252], shape=(2,), dtype=float32)"
"tf.Tensor([25334.414 31416.795], shape=(2,), dtype=float32)"
"tf.Tensor([24469.45  32224.174], shape=(2,), dtype=float32)"
"tf.Tensor([23190.922 33358.81 ], shape=(2,), dtype=float32)"
"tf.Tensor([21028.271 31519.738], shape=(2,), dtype=float32)"
"tf.Tensor([20591.271 33608.93 ], shape=(2,), dtype=float32)"
"tf.Tensor([20769.113 34855.2  ], shape=(2,), dtype=float32)"
"tf.Tensor([15592.219 27524.434], shape=(2,), dtype=float32)"
"tf.Tensor([10373.041 18371.066], shape=(2,), dtype=float32)"
"tf.Tensor([ 6924.1562 12014.182 ], shape=(2,), dtype=float32)"
"tf.Tensor([4131.0117 5889.7793], shape=(2,), dtype=float32)"
"tf.Tensor([3026.2932 4780.1064], shape=(2,), dtype=float32)"
"tf.Tensor([2061.9958 3310.9875], shape=(2,), dtype=float32)"
"tf.Tensor([ 940.7558 1413.3297], shape=(2,), dtype=float32)"
"tf.Tensor([257.2169  117.38158], shape=(2,), dtype=float32)"
"tf.Tensor([75.73055  0.     ], shape=(2,), dtype=float32)"
"tf.Tensor([25.172075  0.      ], shape=(2,), dtype=float32)"
"tf.Tensor([25.180487  0.      ], shape=(2,), dtype=float32)"
"tf.Tensor([13.7526045  0.       ], shape=(2,), dtype=float32)"
"tf.Tensor([13.612414  0.      ], shape=(2,), dtype=float32)"
"tf.Tensor([3.4019382 0.       ], shape=(2,), dtype=float32)"
"tf.Tensor([8.593108 0.      ], shape=(2,), dtype=float32)"
"tf.Tensor([11.327114  0.      ], shape=(2,), dtype=float32)"
"tf.Tensor([9.042529 0.      ], shape=(2,), dtype=float32)"
"tf.Tensor([8.839713 0.      ], shape=(2,), dtype=float32)"
"tf.Tensor([3640.834  3617.5322], shape=(2,), dtype=float32)"
"tf.Tensor([10792.808 12527.908], shape=(2,), dtype=float32)"
"tf.Tensor([18010.826 21980.934], shape=(2,), dtype=float32)"
"tf.Tensor([21443.82  27702.621], shape=(2,), dtype=float32)"
"tf.Tensor([22664.018 29613.365], shape=(2,), dtype=float32)"
"tf.Tensor([24088.281 31429.662], shape=(2,), dtype=float32)"
"tf.Tensor([24942.705 31919.568], shape=(2,), dtype=float32)"
"tf.Tensor([24745.818 30887.654], shape=(2,), dtype=float32)"
"tf.Tensor([24213.832 28955.248], shape=(2,), dtype=float32)"
"tf.Tensor([20124.832 22671.771], shape=(2,), dtype=float32)"
"tf.Tensor([20609.584 23243.062], shape=(2,), dtype=float32)"
"tf.Tensor([20158.81 21287.47], shape=(2,), dtype=float32)"
"tf.Tensor([21743.293 24401.096], shape=(2,), dtype=float32)"
"tf.Tensor([21287.283 24107.93 ], shape=(2,), dtype=float32)"
"tf.Tensor([19733.195 24540.33 ], shape=(2,), dtype=float32)"
"tf.Tensor([19241.828 25563.93 ], shape=(2,), dtype=float32)"
"tf.Tensor([18336.584 28045.613], shape=(2,), dtype=float32)"
"tf.Tensor([16919.69  28036.783], shape=(2,), dtype=float32)"
"tf.Tensor([12072.994 21328.94 ], shape=(2,), dtype=float32)"
"tf.Tensor([ 7540.0244 13560.85  ], shape=(2,), dtype=float32)"
"tf.Tensor([4720.2686 8590.208 ], shape=(2,), dtype=float32)"
"tf.Tensor([2411.1096 3328.5935], shape=(2,), dtype=float32)"
"tf.Tensor([679.6797   0.    ], shape=(2,), dtype=float32)"
"tf.Tensor([465.32462   0.     ], shape=(2,), dtype=float32)"
"tf.Tensor([276.86896   0.     ], shape=(2,), dtype=float32)"
"tf.Tensor([129.87895  16.13587], shape=(2,), dtype=float32)"
"tf.Tensor([53.592796  0.      ], shape=(2,), dtype=float32)"
"tf.Tensor([20.154669  0.      ], shape=(2,), dtype=float32)"
"tf.Tensor([13.295719  0.      ], shape=(2,), dtype=float32)"
"tf.Tensor([13.487019  0.      ], shape=(2,), dtype=float32)"
"tf.Tensor([22.516464  0.      ], shape=(2,), dtype=float32)"
"tf.Tensor([4.416731 0.      ], shape=(2,), dtype=float32)"
"tf.Tensor([7.5541115 0.       ], shape=(2,), dtype=float32)"
"tf.Tensor([12.72545  0.     ], shape=(2,), dtype=float32)"
"tf.Tensor([11.024515  0.      ], shape=(2,), dtype=float32)"
"tf.Tensor([10.358535  0.      ], shape=(2,), dtype=float32)"
"tf.Tensor([9.454455 0.      ], shape=(2,), dtype=float32)"
"tf.Tensor([2884.1558 3095.188 ], shape=(2,), dtype=float32)"
"tf.Tensor([11013.242 11951.4  ], shape=(2,), dtype=float32)"
"tf.Tensor([19223.516 21919.006], shape=(2,), dtype=float32)"
"tf.Tensor([21995.863 24558.754], shape=(2,), dtype=float32)"
"tf.Tensor([24078.238 26936.783], shape=(2,), dtype=float32)"
"tf.Tensor([24307.22  24466.463], shape=(2,), dtype=float32)"
"tf.Tensor([26004.33 29112.1 ], shape=(2,), dtype=float32)"
"tf.Tensor([26259.07  29468.633], shape=(2,), dtype=float32)"
"tf.Tensor([26542.697 33475.49 ], shape=(2,), dtype=float32)"
"tf.Tensor([24351.436 31687.627], shape=(2,), dtype=float32)"
"tf.Tensor([24842.086 32433.744], shape=(2,), dtype=float32)"
"tf.Tensor([24709.307 32688.648], shape=(2,), dtype=float32)"
"tf.Tensor([25566.004 34088.246], shape=(2,), dtype=float32)"
"tf.Tensor([24456.805 34622.555], shape=(2,), dtype=float32)"
"tf.Tensor([19849.88  29641.549], shape=(2,), dtype=float32)"
"tf.Tensor([21137.537 33812.164], shape=(2,), dtype=float32)"
"tf.Tensor([18976.064 31312.287], shape=(2,), dtype=float32)"
"tf.Tensor([14580.493 25451.47 ], shape=(2,), dtype=float32)"
"tf.Tensor([ 9356.983 16914.736], shape=(2,), dtype=float32)"
"tf.Tensor([ 6679.3594 12108.557 ], shape=(2,), dtype=float32)"
"tf.Tensor([3247.679  5091.1245], shape=(2,), dtype=float32)"
"tf.Tensor([512.6024   126.966125], shape=(2,), dtype=float32)"
"tf.Tensor([350.4697  209.66273], shape=(2,), dtype=float32)"
"tf.Tensor([297.74966 274.50723], shape=(2,), dtype=float32)"
"tf.Tensor([115.06454   0.     ], shape=(2,), dtype=float32)"
"tf.Tensor([17.758423  0.      ], shape=(2,), dtype=float32)"
"tf.Tensor([11.749761  0.      ], shape=(2,), dtype=float32)"
"tf.Tensor([12.350925 48.31691 ], shape=(2,), dtype=float32)"
"tf.Tensor([3.9804456 0.       ], shape=(2,), dtype=float32)"
"tf.Tensor([15.927706  0.      ], shape=(2,), dtype=float32)"
"tf.Tensor([18.288736  0.      ], shape=(2,), dtype=float32)"
"tf.Tensor([16.287907  0.      ], shape=(2,), dtype=float32)"
"tf.Tensor([2.5243213 0.       ], shape=(2,), dtype=float32)"
"tf.Tensor([9.445286 0.      ], shape=(2,), dtype=float32)"
"tf.Tensor([11.142036  0.      ], shape=(2,), dtype=float32)"
"tf.Tensor([13.489208  0.      ], shape=(2,), dtype=float32)"
"tf.Tensor([6.794138 0.      ], shape=(2,), dtype=float32)"
"tf.Tensor([7.512081 0.      ], shape=(2,), dtype=float32)"
"tf.Tensor([ 955.9674 2571.319 ], shape=(2,), dtype=float32)"
"tf.Tensor([1612.7032 6604.1094], shape=(2,), dtype=float32)"
"tf.Tensor([2263.0981 9990.701 ], shape=(2,), dtype=float32)"
"tf.Tensor([ 2630.4358 11819.8   ], shape=(2,), dtype=float32)"
"tf.Tensor([ 3596.6477 14381.322 ], shape=(2,), dtype=float32)"
"tf.Tensor([ 6176.6104 15405.152 ], shape=(2,), dtype=float32)"
"tf.Tensor([ 6315.576 15680.955], shape=(2,), dtype=float32)"
"tf.Tensor([ 7113.275 17587.459], shape=(2,), dtype=float32)"
"tf.Tensor([ 8306.165 19244.395], shape=(2,), dtype=float32)"
"tf.Tensor([11086.658 23494.26 ], shape=(2,), dtype=float32)"
"tf.Tensor([10755.661 22426.072], shape=(2,), dtype=float32)"
"tf.Tensor([ 9189.854 21403.37 ], shape=(2,), dtype=float32)"
"tf.Tensor([ 8213.911 20363.896], shape=(2,), dtype=float32)"
"tf.Tensor([ 4477.423 18879.34 ], shape=(2,), dtype=float32)"
"tf.Tensor([ 6861.799 19716.271], shape=(2,), dtype=float32)"
"tf.Tensor([ 6959.368 19556.646], shape=(2,), dtype=float32)"
"tf.Tensor([ 5517.619 14920.462], shape=(2,), dtype=float32)"
"tf.Tensor([ 4722.2354 12613.38  ], shape=(2,), dtype=float32)"
"tf.Tensor([3627.3572 9886.669 ], shape=(2,), dtype=float32)"
"tf.Tensor([2441.1467 6670.213 ], shape=(2,), dtype=float32)"
"tf.Tensor([1559.7369 4250.2207], shape=(2,), dtype=float32)"
"tf.Tensor([ 864.0237 2369.988 ], shape=(2,), dtype=float32)"
"tf.Tensor([350.0055   0.    ], shape=(2,), dtype=float32)"
"tf.Tensor([ 99.728004 135.26472 ], shape=(2,), dtype=float32)"
"tf.Tensor([102.48376   0.     ], shape=(2,), dtype=float32)"
"tf.Tensor([13.889268  0.      ], shape=(2,), dtype=float32)"
"tf.Tensor([10.539216  0.      ], shape=(2,), dtype=float32)"
"tf.Tensor([16.07083  0.     ], shape=(2,), dtype=float32)"
"tf.Tensor([10.679208  0.      ], shape=(2,), dtype=float32)"
"tf.Tensor([11.605679  0.      ], shape=(2,), dtype=float32)"
"tf.Tensor([8.008953 0.      ], shape=(2,), dtype=float32)"
"tf.Tensor([6.535346 0.      ], shape=(2,), dtype=float32)"
"tf.Tensor([ 420.32312 1181.6637 ], shape=(2,), dtype=float32)"
"tf.Tensor([1551.736  3968.7385], shape=(2,), dtype=float32)"
"tf.Tensor([2977.9778 6913.991 ], shape=(2,), dtype=float32)"
"tf.Tensor([ 3787.432 11100.6  ], shape=(2,), dtype=float32)"
"tf.Tensor([ 4602.754 13785.53 ], shape=(2,), dtype=float32)"
"tf.Tensor([ 5402.467 16226.771], shape=(2,), dtype=float32)"
"tf.Tensor([ 6444.128 19410.59 ], shape=(2,), dtype=float32)"
"tf.Tensor([ 6477.2173 19610.531 ], shape=(2,), dtype=float32)"
"tf.Tensor([ 6642.513 19855.844], shape=(2,), dtype=float32)"
"tf.Tensor([ 7161.822 21411.605], shape=(2,), dtype=float32)"
"tf.Tensor([ 7102.36  21109.104], shape=(2,), dtype=float32)"
"tf.Tensor([ 7466.38  22018.654], shape=(2,), dtype=float32)"
"tf.Tensor([13973.152 28021.838], shape=(2,), dtype=float32)"
"tf.Tensor([13960.617 30051.941], shape=(2,), dtype=float32)"
"tf.Tensor([11680.21  27602.572], shape=(2,), dtype=float32)"
"tf.Tensor([ 5533.7007 21876.01  ], shape=(2,), dtype=float32)"
"tf.Tensor([ 4502.3555 18914.072 ], shape=(2,), dtype=float32)"
"tf.Tensor([ 6090.143 17004.451], shape=(2,), dtype=float32)"
"tf.Tensor([ 5246.3345 14026.34  ], shape=(2,), dtype=float32)"
"tf.Tensor([ 4334.0713 11296.507 ], shape=(2,), dtype=float32)"
"tf.Tensor([3048.4636 7969.0503], shape=(2,), dtype=float32)"
"tf.Tensor([1988.0193 5189.085 ], shape=(2,), dtype=float32)"
"tf.Tensor([1063.0015 2725.4937], shape=(2,), dtype=float32)"
"tf.Tensor([231.80507   0.     ], shape=(2,), dtype=float32)"
"tf.Tensor([67.79317 20.84192], shape=(2,), dtype=float32)"
"tf.Tensor([37.381966  0.      ], shape=(2,), dtype=float32)"
"tf.Tensor([33.913612  0.      ], shape=(2,), dtype=float32)"
"tf.Tensor([38.02501  0.     ], shape=(2,), dtype=float32)"
"tf.Tensor([19.098183  0.      ], shape=(2,), dtype=float32)"
"tf.Tensor([10.062376  0.      ], shape=(2,), dtype=float32)"
"tf.Tensor([12.227203  0.      ], shape=(2,), dtype=float32)"
"tf.Tensor([10.411368  0.      ], shape=(2,), dtype=float32)"
"tf.Tensor([14.551149  0.      ], shape=(2,), dtype=float32)"
"tf.Tensor([18.865356  0.      ], shape=(2,), dtype=float32)"
"tf.Tensor([24.539053  0.      ], shape=(2,), dtype=float32)"
"tf.Tensor([23.099163  0.      ], shape=(2,), dtype=float32)"
"tf.Tensor([29.36493  0.     ], shape=(2,), dtype=float32)"
"tf.Tensor([40.52533  0.     ], shape=(2,), dtype=float32)"
"tf.Tensor([50.587463  0.      ], shape=(2,), dtype=float32)"
"tf.Tensor([58.804054  0.      ], shape=(2,), dtype=float32)"
"tf.Tensor([65.634056  0.      ], shape=(2,), dtype=float32)"
"tf.Tensor([66.73212  0.     ], shape=(2,), dtype=float32)"
"tf.Tensor([81.47198  0.     ], shape=(2,), dtype=float32)"
"tf.Tensor([98.878334  0.      ], shape=(2,), dtype=float32)"
"tf.Tensor([92.977806  0.      ], shape=(2,), dtype=float32)"
"tf.Tensor([99.27369  0.     ], shape=(2,), dtype=float32)"
"tf.Tensor([92.87467  0.     ], shape=(2,), dtype=float32)"
"tf.Tensor([91.42484  0.     ], shape=(2,), dtype=float32)"
"tf.Tensor([91.95605  0.     ], shape=(2,), dtype=float32)"
"tf.Tensor([86.82735  0.     ], shape=(2,), dtype=float32)"
"tf.Tensor([66.4159  0.    ], shape=(2,), dtype=float32)"
"tf.Tensor([51.20385  0.     ], shape=(2,), dtype=float32)"
"tf.Tensor([44.590057  0.      ], shape=(2,), dtype=float32)"
"tf.Tensor([31.87819  0.     ], shape=(2,), dtype=float32)"
"tf.Tensor([27.962166  0.      ], shape=(2,), dtype=float32)"
"tf.Tensor([13.154325  0.      ], shape=(2,), dtype=float32)"
"tf.Tensor([40.77551  0.     ], shape=(2,), dtype=float32)"
"tf.Tensor([5.999758 0.      ], shape=(2,), dtype=float32)"
"tf.Tensor([2.703778 0.      ], shape=(2,), dtype=float32)"
"tf.Tensor([0.99113923 0.        ], shape=(2,), dtype=float32)"
"tf.Tensor([2.471484 0.      ], shape=(2,), dtype=float32)"
"tf.Tensor([3.7977526 0.       ], shape=(2,), dtype=float32)"
"tf.Tensor([3.940623 0.      ], shape=(2,), dtype=float32)"
"tf.Tensor([1.5796498 0.       ], shape=(2,), dtype=float32)"
"tf.Tensor([14.20795  0.     ], shape=(2,), dtype=float32)"
"tf.Tensor([3.6726425 0.       ], shape=(2,), dtype=float32)"
"tf.Tensor([9.458699 0.      ], shape=(2,), dtype=float32)"
"tf.Tensor([12.4296665  0.       ], shape=(2,), dtype=float32)"
"tf.Tensor([11.494374  0.      ], shape=(2,), dtype=float32)"
"tf.Tensor([11.092167  0.      ], shape=(2,), dtype=float32)"
"tf.Tensor([16.941093  0.      ], shape=(2,), dtype=float32)"
"tf.Tensor([12.686781  0.      ], shape=(2,), dtype=float32)"
"tf.Tensor([21.301525  0.      ], shape=(2,), dtype=float32)"
"tf.Tensor([30.499374  0.      ], shape=(2,), dtype=float32)"
"tf.Tensor([53.10459  0.     ], shape=(2,), dtype=float32)"
"tf.Tensor([69.09783  0.     ], shape=(2,), dtype=float32)"
"tf.Tensor([85.80969  0.     ], shape=(2,), dtype=float32)"
"tf.Tensor([87.112434  0.      ], shape=(2,), dtype=float32)"
"tf.Tensor([82.500175  0.      ], shape=(2,), dtype=float32)"
"tf.Tensor([88.60038  0.     ], shape=(2,), dtype=float32)"
"tf.Tensor([94.933266  0.      ], shape=(2,), dtype=float32)"
"tf.Tensor([98.92336  0.     ], shape=(2,), dtype=float32)"
"tf.Tensor([110.48725   0.     ], shape=(2,), dtype=float32)"
"tf.Tensor([105.985085   0.      ], shape=(2,), dtype=float32)"
"tf.Tensor([94.87078  0.     ], shape=(2,), dtype=float32)"
"tf.Tensor([75.44947  0.     ], shape=(2,), dtype=float32)"
"tf.Tensor([52.45423  0.     ], shape=(2,), dtype=float32)"
"tf.Tensor([50.345062  0.      ], shape=(2,), dtype=float32)"
"tf.Tensor([47.15986  0.     ], shape=(2,), dtype=float32)"
"tf.Tensor([39.91816  0.     ], shape=(2,), dtype=float32)"
"tf.Tensor([30.21198  0.     ], shape=(2,), dtype=float32)"
"tf.Tensor([11.163711  0.      ], shape=(2,), dtype=float32)"
"tf.Tensor([15.941631  0.      ], shape=(2,), dtype=float32)"
"tf.Tensor([11.710281  0.      ], shape=(2,), dtype=float32)"
"tf.Tensor([12.003306  0.      ], shape=(2,), dtype=float32)"
"tf.Tensor([15.329025  0.      ], shape=(2,), dtype=float32)"
"tf.Tensor([8.223608 0.      ], shape=(2,), dtype=float32)"
"tf.Tensor([15.787703  0.      ], shape=(2,), dtype=float32)"
"tf.Tensor([14.873849  0.      ], shape=(2,), dtype=float32)"
"tf.Tensor([16.5284  0.    ], shape=(2,), dtype=float32)"
"tf.Tensor([11.956951  0.      ], shape=(2,), dtype=float32)"
"tf.Tensor([16.974358  0.      ], shape=(2,), dtype=float32)"
"tf.Tensor([13.417799  0.      ], shape=(2,), dtype=float32)"
"tf.Tensor([18.49643  0.     ], shape=(2,), dtype=float32)"
"tf.Tensor([21.221361  0.      ], shape=(2,), dtype=float32)"
"tf.Tensor([13.437312  0.      ], shape=(2,), dtype=float32)"
"tf.Tensor([11.415358  0.      ], shape=(2,), dtype=float32)"
"tf.Tensor([18.096214  0.      ], shape=(2,), dtype=float32)"
"tf.Tensor([30.16877  0.     ], shape=(2,), dtype=float32)"
"tf.Tensor([48.305553  0.      ], shape=(2,), dtype=float32)"
"tf.Tensor([70.10512  0.     ], shape=(2,), dtype=float32)"
"tf.Tensor([81.87174  0.     ], shape=(2,), dtype=float32)"
"tf.Tensor([92.810234  0.      ], shape=(2,), dtype=float32)"
"tf.Tensor([90.02137  0.     ], shape=(2,), dtype=float32)"
"tf.Tensor([104.607765   0.      ], shape=(2,), dtype=float32)"
"tf.Tensor([105.36944   0.     ], shape=(2,), dtype=float32)"
"tf.Tensor([103.409615   0.      ], shape=(2,), dtype=float32)"
"tf.Tensor([94.00004  0.     ], shape=(2,), dtype=float32)"
"tf.Tensor([96.277534  0.      ], shape=(2,), dtype=float32)"
"tf.Tensor([82.53968  0.     ], shape=(2,), dtype=float32)"
"tf.Tensor([64.74134  0.     ], shape=(2,), dtype=float32)"
"tf.Tensor([56.04058  0.     ], shape=(2,), dtype=float32)"
"tf.Tensor([54.231346  0.      ], shape=(2,), dtype=float32)"
"tf.Tensor([52.029808  0.      ], shape=(2,), dtype=float32)"
"tf.Tensor([33.125084  0.      ], shape=(2,), dtype=float32)"
"tf.Tensor([14.210949  0.      ], shape=(2,), dtype=float32)"
"tf.Tensor([10.794983  0.      ], shape=(2,), dtype=float32)"
"tf.Tensor([11.179096  0.      ], shape=(2,), dtype=float32)"
"tf.Tensor([9.271755 0.      ], shape=(2,), dtype=float32)"
"tf.Tensor([13.842918  0.      ], shape=(2,), dtype=float32)"
"tf.Tensor([20.476646  0.      ], shape=(2,), dtype=float32)"
"tf.Tensor([12.420187  0.      ], shape=(2,), dtype=float32)"
"tf.Tensor([6.8209076 0.       ], shape=(2,), dtype=float32)"
"tf.Tensor([3.4816558 0.       ], shape=(2,), dtype=float32)"
"tf.Tensor([10.133862  0.      ], shape=(2,), dtype=float32)"
"tf.Tensor([11.209596  0.      ], shape=(2,), dtype=float32)"
"tf.Tensor([10.286335  0.      ], shape=(2,), dtype=float32)"
"tf.Tensor([16.127878  0.      ], shape=(2,), dtype=float32)"
"tf.Tensor([25.823555  0.      ], shape=(2,), dtype=float32)"
"tf.Tensor([9.50986 0.     ], shape=(2,), dtype=float32)"
"tf.Tensor([14.184706  0.      ], shape=(2,), dtype=float32)"
"tf.Tensor([13.056416  0.      ], shape=(2,), dtype=float32)"
"tf.Tensor([20.16488  0.     ], shape=(2,), dtype=float32)"
"tf.Tensor([13.041286  0.      ], shape=(2,), dtype=float32)"
"tf.Tensor([4.4975834 0.       ], shape=(2,), dtype=float32)"
"tf.Tensor([12.55722  0.     ], shape=(2,), dtype=float32)"
"tf.Tensor([9.872747 0.      ], shape=(2,), dtype=float32)"
"tf.Tensor([3762.047  6056.9287], shape=(2,), dtype=float32)"
"tf.Tensor([ 8522.42 11723.14], shape=(2,), dtype=float32)"
"tf.Tensor([19018.299 23349.037], shape=(2,), dtype=float32)"
"tf.Tensor([23474.717 26994.873], shape=(2,), dtype=float32)"
"tf.Tensor([26603.46 29822.73], shape=(2,), dtype=float32)"
"tf.Tensor([26625.55  29816.977], shape=(2,), dtype=float32)"
"tf.Tensor([26046.209 27229.758], shape=(2,), dtype=float32)"
"tf.Tensor([22482.53  19859.453], shape=(2,), dtype=float32)"
"tf.Tensor([20189.377 16123.295], shape=(2,), dtype=float32)"
"tf.Tensor([20218.646 17020.611], shape=(2,), dtype=float32)"
"tf.Tensor([21768.447 20170.37 ], shape=(2,), dtype=float32)"
"tf.Tensor([24673.152 27745.422], shape=(2,), dtype=float32)"
"tf.Tensor([25226.395 31734.285], shape=(2,), dtype=float32)"
"tf.Tensor([23259.924 34496.055], shape=(2,), dtype=float32)"
"tf.Tensor([23440.857 37714.312], shape=(2,), dtype=float32)"
"tf.Tensor([20362.682 34457.117], shape=(2,), dtype=float32)"
"tf.Tensor([16420.537 29052.938], shape=(2,), dtype=float32)"
"tf.Tensor([10886.68  19645.068], shape=(2,), dtype=float32)"
"tf.Tensor([ 7233.5825 13301.557 ], shape=(2,), dtype=float32)"
"tf.Tensor([4693.14   7927.0435], shape=(2,), dtype=float32)"
"tf.Tensor([2837.1826 3866.9377], shape=(2,), dtype=float32)"
"tf.Tensor([796.4908   0.    ], shape=(2,), dtype=float32)"
"tf.Tensor([582.05914   0.     ], shape=(2,), dtype=float32)"
"tf.Tensor([164.71771   0.     ], shape=(2,), dtype=float32)"
"tf.Tensor([246.90036   0.     ], shape=(2,), dtype=float32)"
"tf.Tensor([231.01694   0.     ], shape=(2,), dtype=float32)"
"tf.Tensor([120.238716   0.      ], shape=(2,), dtype=float32)"
"tf.Tensor([29.025291  0.      ], shape=(2,), dtype=float32)"
"tf.Tensor([32.25348  0.     ], shape=(2,), dtype=float32)"
"tf.Tensor([103.453865   0.      ], shape=(2,), dtype=float32)"
"tf.Tensor([156.41899   0.     ], shape=(2,), dtype=float32)"
"tf.Tensor([87.59889  0.     ], shape=(2,), dtype=float32)"
"tf.Tensor([21.997509  0.      ], shape=(2,), dtype=float32)"
"tf.Tensor([12.618713  0.      ], shape=(2,), dtype=float32)"
"tf.Tensor([2518.6282 6388.6455], shape=(2,), dtype=float32)"
"tf.Tensor([ 3857.236 11057.356], shape=(2,), dtype=float32)"
"tf.Tensor([ 5867.183 18124.98 ], shape=(2,), dtype=float32)"
"tf.Tensor([ 6223.469 20331.754], shape=(2,), dtype=float32)"
"tf.Tensor([ 7304.748 24055.457], shape=(2,), dtype=float32)"
"tf.Tensor([ 8587.086 28062.545], shape=(2,), dtype=float32)"
"tf.Tensor([ 9725.725 31890.574], shape=(2,), dtype=float32)"
"tf.Tensor([10057.857 33010.65 ], shape=(2,), dtype=float32)"
"tf.Tensor([10476.72  34304.484], shape=(2,), dtype=float32)"
"tf.Tensor([11159.308 35096.402], shape=(2,), dtype=float32)"
"tf.Tensor([ 8784.767 26488.602], shape=(2,), dtype=float32)"
"tf.Tensor([12365.499 24291.936], shape=(2,), dtype=float32)"
"tf.Tensor([12874.903 26494.307], shape=(2,), dtype=float32)"
"tf.Tensor([ 9602.279 22350.373], shape=(2,), dtype=float32)"
"tf.Tensor([ 8401.967 20792.883], shape=(2,), dtype=float32)"
"tf.Tensor([ 4244.4927 17514.281 ], shape=(2,), dtype=float32)"
"tf.Tensor([ 5763.5166 16392.893 ], shape=(2,), dtype=float32)"
"tf.Tensor([ 5206.7173 14735.505 ], shape=(2,), dtype=float32)"
"tf.Tensor([ 4835.8613 13276.844 ], shape=(2,), dtype=float32)"
"tf.Tensor([3464.1013 9174.898 ], shape=(2,), dtype=float32)"
"tf.Tensor([2121.301  5668.0425], shape=(2,), dtype=float32)"
"tf.Tensor([622.77057   0.     ], shape=(2,), dtype=float32)"
"tf.Tensor([266.0716   0.    ], shape=(2,), dtype=float32)"
"tf.Tensor([ 86.759476 193.42537 ], shape=(2,), dtype=float32)"
"tf.Tensor([49.834846  0.      ], shape=(2,), dtype=float32)"
"tf.Tensor([115.86621   0.     ], shape=(2,), dtype=float32)"
"tf.Tensor([80.55813  0.     ], shape=(2,), dtype=float32)"
"tf.Tensor([13.9228945  0.       ], shape=(2,), dtype=float32)"
"tf.Tensor([13.367348  0.      ], shape=(2,), dtype=float32)"
"tf.Tensor([16.722725  0.      ], shape=(2,), dtype=float32)"
"tf.Tensor([18.065971  0.      ], shape=(2,), dtype=float32)"
"tf.Tensor([20.052677  0.      ], shape=(2,), dtype=float32)"
"tf.Tensor([13.968195  0.      ], shape=(2,), dtype=float32)"
"tf.Tensor([28.378702  0.      ], shape=(2,), dtype=float32)"
"tf.Tensor([42.825592  0.      ], shape=(2,), dtype=float32)"
"tf.Tensor([52.97336  0.     ], shape=(2,), dtype=float32)"
"tf.Tensor([56.772675  0.      ], shape=(2,), dtype=float32)"
"tf.Tensor([75.89826  0.     ], shape=(2,), dtype=float32)"
"tf.Tensor([82.512924  0.      ], shape=(2,), dtype=float32)"
"tf.Tensor([93.40595  0.     ], shape=(2,), dtype=float32)"
"tf.Tensor([81.83538  0.     ], shape=(2,), dtype=float32)"
"tf.Tensor([77.6604  0.    ], shape=(2,), dtype=float32)"
"tf.Tensor([71.09763  0.     ], shape=(2,), dtype=float32)"
"tf.Tensor([67.93042  0.     ], shape=(2,), dtype=float32)"
"tf.Tensor([67.66653  0.     ], shape=(2,), dtype=float32)"
"tf.Tensor([66.89707  0.     ], shape=(2,), dtype=float32)"
"tf.Tensor([59.39791  0.     ], shape=(2,), dtype=float32)"
"tf.Tensor([54.57769  0.     ], shape=(2,), dtype=float32)"
"tf.Tensor([54.560455  0.      ], shape=(2,), dtype=float32)"
"tf.Tensor([56.064003  0.      ], shape=(2,), dtype=float32)"
"tf.Tensor([41.650642  0.      ], shape=(2,), dtype=float32)"
"tf.Tensor([31.972336  0.      ], shape=(2,), dtype=float32)"
"tf.Tensor([37.239655  0.      ], shape=(2,), dtype=float32)"
"tf.Tensor([13.985811  0.      ], shape=(2,), dtype=float32)"
"tf.Tensor([21.466412  0.      ], shape=(2,), dtype=float32)"
"tf.Tensor([21.135588  0.      ], shape=(2,), dtype=float32)"
"tf.Tensor([12.438892  0.      ], shape=(2,), dtype=float32)"
"tf.Tensor([4.831194 0.      ], shape=(2,), dtype=float32)"
"tf.Tensor([11.6507225  0.       ], shape=(2,), dtype=float32)"
"tf.Tensor([14.3275585  0.       ], shape=(2,), dtype=float32)"
"tf.Tensor([18.19054  0.     ], shape=(2,), dtype=float32)"
"tf.Tensor([20.120867  0.      ], shape=(2,), dtype=float32)"
"tf.Tensor([20.375586  0.      ], shape=(2,), dtype=float32)"
"tf.Tensor([13.482712  0.      ], shape=(2,), dtype=float32)"
"tf.Tensor([17.978153  0.      ], shape=(2,), dtype=float32)"
"tf.Tensor([11.55788  0.     ], shape=(2,), dtype=float32)"
"tf.Tensor([14.925964  0.      ], shape=(2,), dtype=float32)"
"tf.Tensor([11.62338  0.     ], shape=(2,), dtype=float32)"
"tf.Tensor([17.815567  0.      ], shape=(2,), dtype=float32)"
"tf.Tensor([24.718832  0.      ], shape=(2,), dtype=float32)"
"tf.Tensor([37.345516  0.      ], shape=(2,), dtype=float32)"
"tf.Tensor([43.27687  0.     ], shape=(2,), dtype=float32)"
"tf.Tensor([38.81507  0.     ], shape=(2,), dtype=float32)"
"tf.Tensor([43.238884  0.      ], shape=(2,), dtype=float32)"
"tf.Tensor([55.50334  0.     ], shape=(2,), dtype=float32)"
"tf.Tensor([52.45375  0.     ], shape=(2,), dtype=float32)"
"tf.Tensor([56.759758  0.      ], shape=(2,), dtype=float32)"
"tf.Tensor([62.84353  0.     ], shape=(2,), dtype=float32)"
"tf.Tensor([60.435417  0.      ], shape=(2,), dtype=float32)"
"tf.Tensor([63.705948  0.      ], shape=(2,), dtype=float32)"
"tf.Tensor([61.138138  0.      ], shape=(2,), dtype=float32)"
"tf.Tensor([59.773285  0.      ], shape=(2,), dtype=float32)"
"tf.Tensor([53.67486  0.     ], shape=(2,), dtype=float32)"
"tf.Tensor([46.103096  0.      ], shape=(2,), dtype=float32)"
"tf.Tensor([36.254265  0.      ], shape=(2,), dtype=float32)"
"tf.Tensor([34.381927  0.      ], shape=(2,), dtype=float32)"
"tf.Tensor([34.651386  0.      ], shape=(2,), dtype=float32)"
"tf.Tensor([30.189417  0.      ], shape=(2,), dtype=float32)"
"tf.Tensor([23.459686  0.      ], shape=(2,), dtype=float32)"
"tf.Tensor([20.431932  0.      ], shape=(2,), dtype=float32)"
"tf.Tensor([16.043806  0.      ], shape=(2,), dtype=float32)"
"tf.Tensor([12.817419  0.      ], shape=(2,), dtype=float32)"
"tf.Tensor([13.727286  0.      ], shape=(2,), dtype=float32)"
"tf.Tensor([14.005662  0.      ], shape=(2,), dtype=float32)"
"tf.Tensor([7.779503 0.      ], shape=(2,), dtype=float32)"
"tf.Tensor([3.746927 0.      ], shape=(2,), dtype=float32)"
"tf.Tensor([2.8131921 0.       ], shape=(2,), dtype=float32)"
"tf.Tensor([7.1855597 0.       ], shape=(2,), dtype=float32)"
"tf.Tensor([4.80447 0.     ], shape=(2,), dtype=float32)"
"tf.Tensor([1.1853837 0.       ], shape=(2,), dtype=float32)"
"tf.Tensor([4.5465612 0.       ], shape=(2,), dtype=float32)"
"tf.Tensor([3.3694818 0.       ], shape=(2,), dtype=float32)"
"tf.Tensor([2.6755345 0.       ], shape=(2,), dtype=float32)"
"tf.Tensor([2.2445323 0.       ], shape=(2,), dtype=float32)"
"tf.Tensor([17.51789  0.     ], shape=(2,), dtype=float32)"
"tf.Tensor([1405.9918 4034.386 ], shape=(2,), dtype=float32)"
"tf.Tensor([ 4476.3022 10880.316 ], shape=(2,), dtype=float32)"
"tf.Tensor([ 7743.569 18707.703], shape=(2,), dtype=float32)"
"tf.Tensor([10323.387 23873.479], shape=(2,), dtype=float32)"
"tf.Tensor([14365.417 31618.625], shape=(2,), dtype=float32)"
"tf.Tensor([17297.771 36668.223], shape=(2,), dtype=float32)"
"tf.Tensor([18887.53 38782.81], shape=(2,), dtype=float32)"
"tf.Tensor([18643.379 37305.64 ], shape=(2,), dtype=float32)"
"tf.Tensor([11287.286 33542.688], shape=(2,), dtype=float32)"
"tf.Tensor([10814.75  32200.662], shape=(2,), dtype=float32)"
"tf.Tensor([10690.609 31454.354], shape=(2,), dtype=float32)"
"tf.Tensor([16937.78 35061.21], shape=(2,), dtype=float32)"
"tf.Tensor([10772.477 27684.322], shape=(2,), dtype=float32)"
"tf.Tensor([ 5549.974 22750.363], shape=(2,), dtype=float32)"
"tf.Tensor([ 7829.6924 21934.475 ], shape=(2,), dtype=float32)"
"tf.Tensor([ 6851.6465 18760.615 ], shape=(2,), dtype=float32)"
"tf.Tensor([ 5829.328 15648.959], shape=(2,), dtype=float32)"
"tf.Tensor([ 4510.192 12343.605], shape=(2,), dtype=float32)"
"tf.Tensor([3104.0615 8441.482 ], shape=(2,), dtype=float32)"
"tf.Tensor([2200.2417 5997.1753], shape=(2,), dtype=float32)"
"tf.Tensor([ 704.0766 1915.9397], shape=(2,), dtype=float32)"
"tf.Tensor([265.1801   0.    ], shape=(2,), dtype=float32)"
"tf.Tensor([127.02056   0.     ], shape=(2,), dtype=float32)"
"tf.Tensor([58.69633  0.     ], shape=(2,), dtype=float32)"
"tf.Tensor([37.73088  0.     ], shape=(2,), dtype=float32)"
"tf.Tensor([12.511708  0.      ], shape=(2,), dtype=float32)"
"tf.Tensor([13.259932  0.      ], shape=(2,), dtype=float32)"
"tf.Tensor([11.949871  0.      ], shape=(2,), dtype=float32)"
"tf.Tensor([9.990303 0.      ], shape=(2,), dtype=float32)"
"tf.Tensor([6.417202 0.      ], shape=(2,), dtype=float32)"
"tf.Tensor([13.427072  0.      ], shape=(2,), dtype=float32)"
"tf.Tensor([16.974522  0.      ], shape=(2,), dtype=float32)"
"tf.Tensor([15.421076  0.      ], shape=(2,), dtype=float32)"
"tf.Tensor([ 995.129  2408.8452], shape=(2,), dtype=float32)"
"tf.Tensor([2077.6384 5918.314 ], shape=(2,), dtype=float32)"
"tf.Tensor([ 6040.4316 12162.271 ], shape=(2,), dtype=float32)"
"tf.Tensor([10243.384 20287.207], shape=(2,), dtype=float32)"
"tf.Tensor([11546.512 23112.824], shape=(2,), dtype=float32)"
"tf.Tensor([13276.553 26081.838], shape=(2,), dtype=float32)"
"tf.Tensor([13822.797 26780.506], shape=(2,), dtype=float32)"
"tf.Tensor([13878.231 26850.11 ], shape=(2,), dtype=float32)"
"tf.Tensor([13750.887 26530.057], shape=(2,), dtype=float32)"
"tf.Tensor([13070.438 25078.496], shape=(2,), dtype=float32)"
"tf.Tensor([13317.949 26892.676], shape=(2,), dtype=float32)"
"tf.Tensor([12930.42  29920.139], shape=(2,), dtype=float32)"
"tf.Tensor([12815.288 30148.604], shape=(2,), dtype=float32)"
"tf.Tensor([11384.158 28634.902], shape=(2,), dtype=float32)"
"tf.Tensor([ 6058.165 24519.562], shape=(2,), dtype=float32)"
"tf.Tensor([ 4628.3594 20472.229 ], shape=(2,), dtype=float32)"
"tf.Tensor([ 6315.1333 18166.453 ], shape=(2,), dtype=float32)"
"tf.Tensor([ 6908.2656 19301.44  ], shape=(2,), dtype=float32)"
"tf.Tensor([ 6630.318 17607.822], shape=(2,), dtype=float32)"
"tf.Tensor([ 4587.816 12033.466], shape=(2,), dtype=float32)"
"tf.Tensor([2923.8704 7974.5693], shape=(2,), dtype=float32)"
"tf.Tensor([1430.67   3853.4858], shape=(2,), dtype=float32)"
"tf.Tensor([ 633.1158 1718.1938], shape=(2,), dtype=float32)"
"tf.Tensor([328.54602 928.737  ], shape=(2,), dtype=float32)"
"tf.Tensor([167.64589 457.7958 ], shape=(2,), dtype=float32)"
"tf.Tensor([ 54.849552 165.66832 ], shape=(2,), dtype=float32)"
"tf.Tensor([21.189537  0.      ], shape=(2,), dtype=float32)"
"tf.Tensor([23.84014 46.7582 ], shape=(2,), dtype=float32)"
"tf.Tensor([67.50965  54.261425], shape=(2,), dtype=float32)"
"tf.Tensor([5.0844073 0.       ], shape=(2,), dtype=float32)"
"tf.Tensor([5.1169252 0.       ], shape=(2,), dtype=float32)"
"tf.Tensor([7.459757 0.      ], shape=(2,), dtype=float32)"
"tf.Tensor([9.780031 0.      ], shape=(2,), dtype=float32)"
"tf.Tensor([6.078413 0.      ], shape=(2,), dtype=float32)"
"tf.Tensor([0.49170145 0.        ], shape=(2,), dtype=float32)"
"tf.Tensor([ 898.2313 2475.3667], shape=(2,), dtype=float32)"
"tf.Tensor([2682.5054 6918.0522], shape=(2,), dtype=float32)"
"tf.Tensor([ 6000.92  14184.492], shape=(2,), dtype=float32)"
"tf.Tensor([ 8587.848 19604.   ], shape=(2,), dtype=float32)"
"tf.Tensor([12125.334 26129.365], shape=(2,), dtype=float32)"
"tf.Tensor([15403.284 30794.098], shape=(2,), dtype=float32)"
"tf.Tensor([15882.392 31387.193], shape=(2,), dtype=float32)"
"tf.Tensor([16648.986 32776.496], shape=(2,), dtype=float32)"
"tf.Tensor([16133.673 31504.66 ], shape=(2,), dtype=float32)"
"tf.Tensor([18243.352 36758.88 ], shape=(2,), dtype=float32)"
"tf.Tensor([16951.973 36268.723], shape=(2,), dtype=float32)"
"tf.Tensor([15083.652 34854.625], shape=(2,), dtype=float32)"
"tf.Tensor([12424.719 30907.445], shape=(2,), dtype=float32)"
"tf.Tensor([ 7515.6006 28148.643 ], shape=(2,), dtype=float32)"
"tf.Tensor([ 5411.7656 23531.512 ], shape=(2,), dtype=float32)"
"tf.Tensor([ 7685.544 22319.967], shape=(2,), dtype=float32)"
"tf.Tensor([ 6772.028 19044.69 ], shape=(2,), dtype=float32)"
"tf.Tensor([ 6388.8486 17045.904 ], shape=(2,), dtype=float32)"
"tf.Tensor([ 4563.8413 11890.818 ], shape=(2,), dtype=float32)"
"tf.Tensor([3113.7266 8252.787 ], shape=(2,), dtype=float32)"
"tf.Tensor([1090.5967 2931.333 ], shape=(2,), dtype=float32)"
"tf.Tensor([ 405.64105 1095.2429 ], shape=(2,), dtype=float32)"
"tf.Tensor([260.60492 708.7246 ], shape=(2,), dtype=float32)"
"tf.Tensor([83.78353  0.     ], shape=(2,), dtype=float32)"
"tf.Tensor([89.57039  0.     ], shape=(2,), dtype=float32)"
"tf.Tensor([75.26989  0.     ], shape=(2,), dtype=float32)"
"tf.Tensor([8.293615 0.      ], shape=(2,), dtype=float32)"
"tf.Tensor([8.940765 0.      ], shape=(2,), dtype=float32)"
"tf.Tensor([6.8867636 0.       ], shape=(2,), dtype=float32)"
"tf.Tensor([1.5251654 0.       ], shape=(2,), dtype=float32)"
"tf.Tensor([2.0974863 0.       ], shape=(2,), dtype=float32)"
"tf.Tensor([6.4231663 0.       ], shape=(2,), dtype=float32)"
"tf.Tensor([13.406897  0.      ], shape=(2,), dtype=float32)"
"tf.Tensor([27.319227  0.      ], shape=(2,), dtype=float32)"
"tf.Tensor([35.847183  0.      ], shape=(2,), dtype=float32)"
"tf.Tensor([49.806755  0.      ], shape=(2,), dtype=float32)"
"tf.Tensor([69.2549  0.    ], shape=(2,), dtype=float32)"
"tf.Tensor([85.133545  0.      ], shape=(2,), dtype=float32)"
"tf.Tensor([98.949455  0.      ], shape=(2,), dtype=float32)"
"tf.Tensor([104.19424   0.     ], shape=(2,), dtype=float32)"
"tf.Tensor([101.029976   0.      ], shape=(2,), dtype=float32)"
"tf.Tensor([99.46032  0.     ], shape=(2,), dtype=float32)"
"tf.Tensor([107.74091   0.     ], shape=(2,), dtype=float32)"
"tf.Tensor([101.84858   0.     ], shape=(2,), dtype=float32)"
"tf.Tensor([93.28901  0.     ], shape=(2,), dtype=float32)"
"tf.Tensor([86.58309  0.     ], shape=(2,), dtype=float32)"
"tf.Tensor([75.27387  0.     ], shape=(2,), dtype=float32)"
"tf.Tensor([71.98046  0.     ], shape=(2,), dtype=float32)"
"tf.Tensor([66.90225  0.     ], shape=(2,), dtype=float32)"
"tf.Tensor([61.528915  0.      ], shape=(2,), dtype=float32)"
"tf.Tensor([60.34001  0.     ], shape=(2,), dtype=float32)"
"tf.Tensor([49.49819  0.     ], shape=(2,), dtype=float32)"
"tf.Tensor([37.111378  0.      ], shape=(2,), dtype=float32)"
"tf.Tensor([31.747204  0.      ], shape=(2,), dtype=float32)"
"tf.Tensor([25.424255  0.      ], shape=(2,), dtype=float32)"
"tf.Tensor([16.461277  0.      ], shape=(2,), dtype=float32)"
"tf.Tensor([18.408978  0.      ], shape=(2,), dtype=float32)"
"tf.Tensor([6.2040405 0.       ], shape=(2,), dtype=float32)"
"tf.Tensor([7.5941133 0.       ], shape=(2,), dtype=float32)"
"tf.Tensor([4.4794273 0.       ], shape=(2,), dtype=float32)"
"tf.Tensor([7.092449 0.      ], shape=(2,), dtype=float32)"
"tf.Tensor([14.124323  0.      ], shape=(2,), dtype=float32)"
"tf.Tensor([16.361  0.   ], shape=(2,), dtype=float32)"
"tf.Tensor([19.249205  0.      ], shape=(2,), dtype=float32)"
"tf.Tensor([18.371965  0.      ], shape=(2,), dtype=float32)"
"tf.Tensor([17.831846  0.      ], shape=(2,), dtype=float32)"
"tf.Tensor([11.720655  0.      ], shape=(2,), dtype=float32)"
"tf.Tensor([13.49753  0.     ], shape=(2,), dtype=float32)"
"tf.Tensor([4.064907 0.      ], shape=(2,), dtype=float32)"
"tf.Tensor([4.7260227 0.       ], shape=(2,), dtype=float32)"
"tf.Tensor([4.6972957 0.       ], shape=(2,), dtype=float32)"
"tf.Tensor([9.133184 0.      ], shape=(2,), dtype=float32)"
"tf.Tensor([795.0097 296.9533], shape=(2,), dtype=float32)"
"tf.Tensor([4747.688  1452.7789], shape=(2,), dtype=float32)"
"tf.Tensor([9224.486 3165.182], shape=(2,), dtype=float32)"
"tf.Tensor([11978.344   4202.7217], shape=(2,), dtype=float32)"
"tf.Tensor([14311.707   5322.6147], shape=(2,), dtype=float32)"
"tf.Tensor([17725.04    7452.4243], shape=(2,), dtype=float32)"
"tf.Tensor([21211.889 10173.196], shape=(2,), dtype=float32)"
"tf.Tensor([21741.895 11134.207], shape=(2,), dtype=float32)"
"tf.Tensor([23804.19  12013.839], shape=(2,), dtype=float32)"
"tf.Tensor([21864.441  9771.99 ], shape=(2,), dtype=float32)"
"tf.Tensor([16954.621  6563.585], shape=(2,), dtype=float32)"
"tf.Tensor([11593.417   3029.5913], shape=(2,), dtype=float32)"
"tf.Tensor([7868.5327 1380.8931], shape=(2,), dtype=float32)"
"tf.Tensor([4828.5454   489.93445], shape=(2,), dtype=float32)"
"tf.Tensor([3278.5784    0.    ], shape=(2,), dtype=float32)"
"tf.Tensor([2851.0293    0.    ], shape=(2,), dtype=float32)"
"tf.Tensor([2799.3552    0.    ], shape=(2,), dtype=float32)"
"tf.Tensor([2256.6646    0.    ], shape=(2,), dtype=float32)"
"tf.Tensor([1712.2257    0.    ], shape=(2,), dtype=float32)"
"tf.Tensor([1030.5803    0.    ], shape=(2,), dtype=float32)"
"tf.Tensor([805.86804   0.     ], shape=(2,), dtype=float32)"
"tf.Tensor([845.28357   0.     ], shape=(2,), dtype=float32)"
"tf.Tensor([544.42346   0.     ], shape=(2,), dtype=float32)"
"tf.Tensor([289.24075   0.     ], shape=(2,), dtype=float32)"
"tf.Tensor([131.7701   0.    ], shape=(2,), dtype=float32)"
"tf.Tensor([85.86319  0.     ], shape=(2,), dtype=float32)"
"tf.Tensor([31.6339  0.    ], shape=(2,), dtype=float32)"
"tf.Tensor([20.861595  0.      ], shape=(2,), dtype=float32)"
"tf.Tensor([11.236451  0.      ], shape=(2,), dtype=float32)"
"tf.Tensor([21.459484  0.      ], shape=(2,), dtype=float32)"
"tf.Tensor([11.799281  0.      ], shape=(2,), dtype=float32)"
"tf.Tensor([13.755255  0.      ], shape=(2,), dtype=float32)"
"tf.Tensor([17.460537  0.      ], shape=(2,), dtype=float32)"
"tf.Tensor([14.311554  0.      ], shape=(2,), dtype=float32)"
"tf.Tensor([18.781738  0.      ], shape=(2,), dtype=float32)"
"tf.Tensor([22.463379  0.      ], shape=(2,), dtype=float32)"
"tf.Tensor([29.439789  0.      ], shape=(2,), dtype=float32)"
"tf.Tensor([ 737.3436 2089.4985], shape=(2,), dtype=float32)"
"tf.Tensor([3899.9717 9096.054 ], shape=(2,), dtype=float32)"
"tf.Tensor([ 6492.4487 15134.066 ], shape=(2,), dtype=float32)"
"tf.Tensor([ 7957.2227 19236.996 ], shape=(2,), dtype=float32)"
"tf.Tensor([ 9330.009 22070.295], shape=(2,), dtype=float32)"
"tf.Tensor([11457.56  25455.482], shape=(2,), dtype=float32)"
"tf.Tensor([12580.073 27911.695], shape=(2,), dtype=float32)"
"tf.Tensor([11694.123 26354.375], shape=(2,), dtype=float32)"
"tf.Tensor([11476.716 26099.584], shape=(2,), dtype=float32)"
"tf.Tensor([10575.107 24077.945], shape=(2,), dtype=float32)"
"tf.Tensor([ 9516.8955 22847.855 ], shape=(2,), dtype=float32)"
"tf.Tensor([ 4761.119 18709.238], shape=(2,), dtype=float32)"
"tf.Tensor([ 3567.492 16255.075], shape=(2,), dtype=float32)"
"tf.Tensor([ 6470.5327 18164.889 ], shape=(2,), dtype=float32)"
"tf.Tensor([ 6140.879 16936.936], shape=(2,), dtype=float32)"
"tf.Tensor([ 5995.243 15902.806], shape=(2,), dtype=float32)"
"tf.Tensor([ 3959.0823 10364.346 ], shape=(2,), dtype=float32)"
"tf.Tensor([3140.0295 8362.283 ], shape=(2,), dtype=float32)"
"tf.Tensor([1967.1289 5328.126 ], shape=(2,), dtype=float32)"
"tf.Tensor([1011.1107 2704.394 ], shape=(2,), dtype=float32)"
"tf.Tensor([485.88477   0.     ], shape=(2,), dtype=float32)"
"tf.Tensor([251.0707   0.    ], shape=(2,), dtype=float32)"
"tf.Tensor([160.78233   0.     ], shape=(2,), dtype=float32)"
"tf.Tensor([45.105843  0.      ], shape=(2,), dtype=float32)"
"tf.Tensor([22.128874  0.      ], shape=(2,), dtype=float32)"
"tf.Tensor([24.309315  0.      ], shape=(2,), dtype=float32)"
"tf.Tensor([15.592341  0.      ], shape=(2,), dtype=float32)"
"tf.Tensor([10.571166  0.      ], shape=(2,), dtype=float32)"
"tf.Tensor([12.034548  0.      ], shape=(2,), dtype=float32)"
"tf.Tensor([9.067394 0.      ], shape=(2,), dtype=float32)"
"tf.Tensor([8.335512 0.      ], shape=(2,), dtype=float32)"
"tf.Tensor([13.357847  0.      ], shape=(2,), dtype=float32)"
"tf.Tensor([9.387413 0.      ], shape=(2,), dtype=float32)"
"tf.Tensor([16.454962  0.      ], shape=(2,), dtype=float32)"
"tf.Tensor([10.731015  0.      ], shape=(2,), dtype=float32)"
"tf.Tensor([110.609055 357.2468  ], shape=(2,), dtype=float32)"
"tf.Tensor([1755.086 4576.701], shape=(2,), dtype=float32)"
"tf.Tensor([4336.372 9877.349], shape=(2,), dtype=float32)"
"tf.Tensor([ 8316.521 17741.514], shape=(2,), dtype=float32)"
"tf.Tensor([10553.787 21555.654], shape=(2,), dtype=float32)"
"tf.Tensor([11861.475 24082.006], shape=(2,), dtype=float32)"
"tf.Tensor([12387.628 25585.605], shape=(2,), dtype=float32)"
"tf.Tensor([12707.63  26613.004], shape=(2,), dtype=float32)"
"tf.Tensor([12975.168 27530.428], shape=(2,), dtype=float32)"
"tf.Tensor([12447.981 27655.68 ], shape=(2,), dtype=float32)"
"tf.Tensor([11095.141 26791.299], shape=(2,), dtype=float32)"
"tf.Tensor([ 8900.518 22436.842], shape=(2,), dtype=float32)"
"tf.Tensor([ 5952.192 22394.678], shape=(2,), dtype=float32)"
"tf.Tensor([ 4997.2285 20618.    ], shape=(2,), dtype=float32)"
"tf.Tensor([ 6579.0747 18765.912 ], shape=(2,), dtype=float32)"
"tf.Tensor([ 6068.8027 16845.996 ], shape=(2,), dtype=float32)"
"tf.Tensor([ 5146.7354 13858.163 ], shape=(2,), dtype=float32)"
"tf.Tensor([3489.4756 9247.969 ], shape=(2,), dtype=float32)"
"tf.Tensor([2409.5686 6504.7046], shape=(2,), dtype=float32)"
"tf.Tensor([1029.0719 2783.9304], shape=(2,), dtype=float32)"
"tf.Tensor([ 424.93268 1146.5518 ], shape=(2,), dtype=float32)"
"tf.Tensor([145.43015 423.91235], shape=(2,), dtype=float32)"
"tf.Tensor([ 92.875435 226.01686 ], shape=(2,), dtype=float32)"
"tf.Tensor([34.09445  0.     ], shape=(2,), dtype=float32)"
"tf.Tensor([25.63964  0.     ], shape=(2,), dtype=float32)"
"tf.Tensor([20.161728  0.      ], shape=(2,), dtype=float32)"
"tf.Tensor([18.275795  0.      ], shape=(2,), dtype=float32)"
"tf.Tensor([14.348162  0.      ], shape=(2,), dtype=float32)"
"tf.Tensor([23.498203  0.      ], shape=(2,), dtype=float32)"
"tf.Tensor([16.03112  0.     ], shape=(2,), dtype=float32)"
"tf.Tensor([17.832432  0.      ], shape=(2,), dtype=float32)"
"tf.Tensor([14.412834  0.      ], shape=(2,), dtype=float32)"
"tf.Tensor([4.031215 0.      ], shape=(2,), dtype=float32)"
"tf.Tensor([5.4306793 0.       ], shape=(2,), dtype=float32)"
"tf.Tensor([8.94818 0.     ], shape=(2,), dtype=float32)"
"tf.Tensor([9.003582 0.      ], shape=(2,), dtype=float32)"
"tf.Tensor([17.525703  0.      ], shape=(2,), dtype=float32)"
"tf.Tensor([31.381287  0.      ], shape=(2,), dtype=float32)"
"tf.Tensor([61.522453  0.      ], shape=(2,), dtype=float32)"
"tf.Tensor([77.23085  0.     ], shape=(2,), dtype=float32)"
"tf.Tensor([83.66028  0.     ], shape=(2,), dtype=float32)"
"tf.Tensor([97.78491  0.     ], shape=(2,), dtype=float32)"
"tf.Tensor([112.5727   0.    ], shape=(2,), dtype=float32)"
"tf.Tensor([110.89425   0.     ], shape=(2,), dtype=float32)"
"tf.Tensor([106.254326   0.      ], shape=(2,), dtype=float32)"
"tf.Tensor([111.82052   0.     ], shape=(2,), dtype=float32)"
"tf.Tensor([98.00028  0.     ], shape=(2,), dtype=float32)"
"tf.Tensor([92.55065  0.     ], shape=(2,), dtype=float32)"
"tf.Tensor([94.01327  0.     ], shape=(2,), dtype=float32)"
"tf.Tensor([77.93733  0.     ], shape=(2,), dtype=float32)"
"tf.Tensor([57.989113  0.      ], shape=(2,), dtype=float32)"
"tf.Tensor([57.458664  0.      ], shape=(2,), dtype=float32)"
"tf.Tensor([52.193924  0.      ], shape=(2,), dtype=float32)"
"tf.Tensor([46.76454  0.     ], shape=(2,), dtype=float32)"
"tf.Tensor([37.290195  0.      ], shape=(2,), dtype=float32)"
"tf.Tensor([32.565575  0.      ], shape=(2,), dtype=float32)"
"tf.Tensor([33.177483  0.      ], shape=(2,), dtype=float32)"
"tf.Tensor([23.205023  0.      ], shape=(2,), dtype=float32)"
"tf.Tensor([23.736547  0.      ], shape=(2,), dtype=float32)"
"tf.Tensor([5.0056534 0.       ], shape=(2,), dtype=float32)"
"tf.Tensor([1.5836886 0.       ], shape=(2,), dtype=float32)"
"tf.Tensor([18.328823  0.      ], shape=(2,), dtype=float32)"
"tf.Tensor([17.727968  0.      ], shape=(2,), dtype=float32)"
"tf.Tensor([13.904059  0.      ], shape=(2,), dtype=float32)"
"tf.Tensor([7.357045 0.      ], shape=(2,), dtype=float32)"
"tf.Tensor([9.226603 0.      ], shape=(2,), dtype=float32)"
"tf.Tensor([11.156994  0.      ], shape=(2,), dtype=float32)"
"tf.Tensor([6.619273 0.      ], shape=(2,), dtype=float32)"
"tf.Tensor([4.7643647 0.       ], shape=(2,), dtype=float32)"
"tf.Tensor([5.8645067 0.       ], shape=(2,), dtype=float32)"
"tf.Tensor([13.804832  0.      ], shape=(2,), dtype=float32)"
"tf.Tensor([3.8256547 0.       ], shape=(2,), dtype=float32)"
"tf.Tensor([15.167256  0.      ], shape=(2,), dtype=float32)"
"tf.Tensor([7.3148365 0.       ], shape=(2,), dtype=float32)"
"tf.Tensor([1154.3264 3277.5325], shape=(2,), dtype=float32)"
"tf.Tensor([2995.2363 9073.754 ], shape=(2,), dtype=float32)"
"tf.Tensor([ 4704.583 14391.132], shape=(2,), dtype=float32)"
"tf.Tensor([ 6047.518 18644.998], shape=(2,), dtype=float32)"
"tf.Tensor([ 7010.8228 21223.139 ], shape=(2,), dtype=float32)"
"tf.Tensor([ 8360.762 25227.502], shape=(2,), dtype=float32)"
"tf.Tensor([16069.793 32470.53 ], shape=(2,), dtype=float32)"
"tf.Tensor([17332.246 35075.438], shape=(2,), dtype=float32)"
"tf.Tensor([17751.646 37169.164], shape=(2,), dtype=float32)"
"tf.Tensor([14787.623 32738.363], shape=(2,), dtype=float32)"
"tf.Tensor([10678.385 26343.617], shape=(2,), dtype=float32)"
"tf.Tensor([ 5029.114 21075.783], shape=(2,), dtype=float32)"
"tf.Tensor([ 3738.0315 17565.104 ], shape=(2,), dtype=float32)"
"tf.Tensor([ 6058.376 17420.338], shape=(2,), dtype=float32)"
"tf.Tensor([ 6621.2676 18433.068 ], shape=(2,), dtype=float32)"
"tf.Tensor([ 6058.8174 16534.719 ], shape=(2,), dtype=float32)"
"tf.Tensor([ 4394.07  12286.283], shape=(2,), dtype=float32)"
"tf.Tensor([2902.182 8156.828], shape=(2,), dtype=float32)"
"tf.Tensor([2220.556 6197.754], shape=(2,), dtype=float32)"
"tf.Tensor([1092.63   3016.7283], shape=(2,), dtype=float32)"
"tf.Tensor([437.59903   0.     ], shape=(2,), dtype=float32)"
"tf.Tensor([231.36964   0.     ], shape=(2,), dtype=float32)"
"tf.Tensor([155.63124   0.     ], shape=(2,), dtype=float32)"
"tf.Tensor([56.44826  0.     ], shape=(2,), dtype=float32)"
"tf.Tensor([27.740608  0.      ], shape=(2,), dtype=float32)"
"tf.Tensor([20.893782  0.      ], shape=(2,), dtype=float32)"
"tf.Tensor([15.235954  0.      ], shape=(2,), dtype=float32)"
"tf.Tensor([12.2348175  0.       ], shape=(2,), dtype=float32)"
"tf.Tensor([10.507649  0.      ], shape=(2,), dtype=float32)"
"tf.Tensor([7.7719827 0.       ], shape=(2,), dtype=float32)"
"tf.Tensor([6.4530044 0.       ], shape=(2,), dtype=float32)"
"tf.Tensor([7.126629 0.      ], shape=(2,), dtype=float32)"
"tf.Tensor([2.7541158 0.       ], shape=(2,), dtype=float32)"
"tf.Tensor([6.0877943 0.       ], shape=(2,), dtype=float32)"
"tf.Tensor([1370.725 3829.663], shape=(2,), dtype=float32)"
"tf.Tensor([2952.1853 8695.398 ], shape=(2,), dtype=float32)"
"tf.Tensor([ 5011.614 14918.945], shape=(2,), dtype=float32)"
"tf.Tensor([ 9581.894 19195.066], shape=(2,), dtype=float32)"
"tf.Tensor([13248.404 27013.959], shape=(2,), dtype=float32)"
"tf.Tensor([14176.334 30550.455], shape=(2,), dtype=float32)"
"tf.Tensor([12265.832 28723.22 ], shape=(2,), dtype=float32)"
"tf.Tensor([10522.377 26526.184], shape=(2,), dtype=float32)"
"tf.Tensor([ 6952.8926 25637.758 ], shape=(2,), dtype=float32)"
"tf.Tensor([ 6862.3804 25501.875 ], shape=(2,), dtype=float32)"
"tf.Tensor([ 6937.2656 25063.47  ], shape=(2,), dtype=float32)"
"tf.Tensor([ 6280.2686 23449.525 ], shape=(2,), dtype=float32)"
"tf.Tensor([ 3476.22 16733.92], shape=(2,), dtype=float32)"
"tf.Tensor([ 6198.955 18031.17 ], shape=(2,), dtype=float32)"
"tf.Tensor([ 5167.547 14753.875], shape=(2,), dtype=float32)"
"tf.Tensor([ 5009.4517 14108.356 ], shape=(2,), dtype=float32)"
"tf.Tensor([ 4503.0938 12015.973 ], shape=(2,), dtype=float32)"
"tf.Tensor([2974.992 7895.039], shape=(2,), dtype=float32)"
"tf.Tensor([2086.871 5598.949], shape=(2,), dtype=float32)"
"tf.Tensor([ 891.67883 2377.5857 ], shape=(2,), dtype=float32)"
"tf.Tensor([297.76843   0.     ], shape=(2,), dtype=float32)"
"tf.Tensor([215.79396   0.     ], shape=(2,), dtype=float32)"
"tf.Tensor([90.11666  0.     ], shape=(2,), dtype=float32)"
"tf.Tensor([59.08256  0.     ], shape=(2,), dtype=float32)"
"tf.Tensor([28.541864  0.      ], shape=(2,), dtype=float32)"
"tf.Tensor([21.314003  0.      ], shape=(2,), dtype=float32)"
"tf.Tensor([18.011469  0.      ], shape=(2,), dtype=float32)"
"tf.Tensor([13.683083  0.      ], shape=(2,), dtype=float32)"
"tf.Tensor([12.9062  0.    ], shape=(2,), dtype=float32)"
"tf.Tensor([17.40805  0.     ], shape=(2,), dtype=float32)"
"tf.Tensor([16.692886  0.      ], shape=(2,), dtype=float32)"
"tf.Tensor([8.318545 0.      ], shape=(2,), dtype=float32)"
"tf.Tensor([7.8039474 0.       ], shape=(2,), dtype=float32)"
"tf.Tensor([7.06196 0.     ], shape=(2,), dtype=float32)"
"tf.Tensor([743.8878  190.15997], shape=(2,), dtype=float32)"
"tf.Tensor([4327.721  1069.4614], shape=(2,), dtype=float32)"
"tf.Tensor([6104.0645 1346.6475], shape=(2,), dtype=float32)"
"tf.Tensor([7338.9644 1505.9583], shape=(2,), dtype=float32)"
"tf.Tensor([7175.718  1269.6948], shape=(2,), dtype=float32)"
"tf.Tensor([7600.5073 1401.6208], shape=(2,), dtype=float32)"
"tf.Tensor([8370.451  1708.9524], shape=(2,), dtype=float32)"
"tf.Tensor([9542.36   2182.8652], shape=(2,), dtype=float32)"
"tf.Tensor([9360.88   2311.9094], shape=(2,), dtype=float32)"
"tf.Tensor([9130.701  2160.3157], shape=(2,), dtype=float32)"
"tf.Tensor([8831.838  2038.0852], shape=(2,), dtype=float32)"
"tf.Tensor([7786.872 1432.916], shape=(2,), dtype=float32)"
"tf.Tensor([6590.6924   801.67487], shape=(2,), dtype=float32)"
"tf.Tensor([5121.063    572.95575], shape=(2,), dtype=float32)"
"tf.Tensor([4257.656   454.1865], shape=(2,), dtype=float32)"
"tf.Tensor([3310.936    129.04637], shape=(2,), dtype=float32)"
"tf.Tensor([3221.5598    0.    ], shape=(2,), dtype=float32)"
"tf.Tensor([2861.5808    0.    ], shape=(2,), dtype=float32)"
"tf.Tensor([2001.4469    0.    ], shape=(2,), dtype=float32)"
"tf.Tensor([1369.9625    0.    ], shape=(2,), dtype=float32)"
"tf.Tensor([1023.18335    0.     ], shape=(2,), dtype=float32)"
"tf.Tensor([773.5605   0.    ], shape=(2,), dtype=float32)"
"tf.Tensor([480.0001   0.    ], shape=(2,), dtype=float32)"
"tf.Tensor([255.3991   0.    ], shape=(2,), dtype=float32)"
"tf.Tensor([233.02046   0.     ], shape=(2,), dtype=float32)"
"tf.Tensor([150.89995   0.     ], shape=(2,), dtype=float32)"
"tf.Tensor([39.144604  0.      ], shape=(2,), dtype=float32)"
"tf.Tensor([8.835198 0.      ], shape=(2,), dtype=float32)"
"tf.Tensor([6.539649 0.      ], shape=(2,), dtype=float32)"
"tf.Tensor([6.662794 0.      ], shape=(2,), dtype=float32)"
"tf.Tensor([7.252102 0.      ], shape=(2,), dtype=float32)"
"tf.Tensor([8.6933 0.    ], shape=(2,), dtype=float32)"
"tf.Tensor([6.7031527 0.       ], shape=(2,), dtype=float32)"
"tf.Tensor([7.6433907 0.       ], shape=(2,), dtype=float32)"
"tf.Tensor([8.716795 0.      ], shape=(2,), dtype=float32)"
"tf.Tensor([15.7052  0.    ], shape=(2,), dtype=float32)"
"tf.Tensor([2180.2214  692.1265], shape=(2,), dtype=float32)"
"tf.Tensor([5888.2275 2032.8953], shape=(2,), dtype=float32)"
"tf.Tensor([9051.635  2966.8076], shape=(2,), dtype=float32)"
"tf.Tensor([10344.475   3157.4292], shape=(2,), dtype=float32)"
"tf.Tensor([10511.47   2880.081], shape=(2,), dtype=float32)"
"tf.Tensor([10626.732   2804.1338], shape=(2,), dtype=float32)"
"tf.Tensor([9153.016  2124.5405], shape=(2,), dtype=float32)"
"tf.Tensor([8347.42   1747.0924], shape=(2,), dtype=float32)"
"tf.Tensor([7522.133  1295.7257], shape=(2,), dtype=float32)"
"tf.Tensor([7256.838  1064.6273], shape=(2,), dtype=float32)"
"tf.Tensor([5993.543    680.34436], shape=(2,), dtype=float32)"
"tf.Tensor([4949.0317  539.5202], shape=(2,), dtype=float32)"
"tf.Tensor([3928.7366   264.18564], shape=(2,), dtype=float32)"
"tf.Tensor([3564.454      34.548992], shape=(2,), dtype=float32)"
"tf.Tensor([3500.8123    0.    ], shape=(2,), dtype=float32)"
"tf.Tensor([3065.5754    0.    ], shape=(2,), dtype=float32)"
"tf.Tensor([2895.8438    0.    ], shape=(2,), dtype=float32)"
"tf.Tensor([2500.5374    0.    ], shape=(2,), dtype=float32)"
"tf.Tensor([2116.3206    0.    ], shape=(2,), dtype=float32)"
"tf.Tensor([1013.24146    0.     ], shape=(2,), dtype=float32)"
"tf.Tensor([543.6222   0.    ], shape=(2,), dtype=float32)"
"tf.Tensor([543.8942   0.    ], shape=(2,), dtype=float32)"
"tf.Tensor([352.74445   0.     ], shape=(2,), dtype=float32)"
"tf.Tensor([191.75867   0.     ], shape=(2,), dtype=float32)"
"tf.Tensor([117.789314   0.      ], shape=(2,), dtype=float32)"
"tf.Tensor([62.885353  0.      ], shape=(2,), dtype=float32)"
"tf.Tensor([21.666859  0.      ], shape=(2,), dtype=float32)"
"tf.Tensor([13.994353  0.      ], shape=(2,), dtype=float32)"
"tf.Tensor([34.840477  0.      ], shape=(2,), dtype=float32)"
"tf.Tensor([49.72033  0.     ], shape=(2,), dtype=float32)"
"tf.Tensor([25.318245  0.      ], shape=(2,), dtype=float32)"
"tf.Tensor([17.785614  0.      ], shape=(2,), dtype=float32)"
"tf.Tensor([64.51617 10.12117], shape=(2,), dtype=float32)"
"tf.Tensor([17.382269  0.      ], shape=(2,), dtype=float32)"
"tf.Tensor([18.84653  0.     ], shape=(2,), dtype=float32)"
"tf.Tensor([14.366539  0.      ], shape=(2,), dtype=float32)"
"tf.Tensor([9.898499 0.      ], shape=(2,), dtype=float32)"
"tf.Tensor([19.278889  0.      ], shape=(2,), dtype=float32)"
"tf.Tensor([30.669598  0.      ], shape=(2,), dtype=float32)"
"tf.Tensor([27.417236  0.      ], shape=(2,), dtype=float32)"
"tf.Tensor([59.079796  0.      ], shape=(2,), dtype=float32)"
"tf.Tensor([86.57475  0.     ], shape=(2,), dtype=float32)"
"tf.Tensor([105.06628   0.     ], shape=(2,), dtype=float32)"
"tf.Tensor([108.95417   0.     ], shape=(2,), dtype=float32)"
"tf.Tensor([103.10702   0.     ], shape=(2,), dtype=float32)"
"tf.Tensor([107.66468   0.     ], shape=(2,), dtype=float32)"
"tf.Tensor([115.90493   0.     ], shape=(2,), dtype=float32)"
"tf.Tensor([102.99987   0.     ], shape=(2,), dtype=float32)"
"tf.Tensor([92.699776  0.      ], shape=(2,), dtype=float32)"
"tf.Tensor([118.1731   0.    ], shape=(2,), dtype=float32)"
"tf.Tensor([104.97271   0.     ], shape=(2,), dtype=float32)"
"tf.Tensor([81.42643  0.     ], shape=(2,), dtype=float32)"
"tf.Tensor([73.85225  0.     ], shape=(2,), dtype=float32)"
"tf.Tensor([72.17467  0.     ], shape=(2,), dtype=float32)"
"tf.Tensor([80.43798  0.     ], shape=(2,), dtype=float32)"
"tf.Tensor([81.397385  0.      ], shape=(2,), dtype=float32)"
"tf.Tensor([75.02638  0.     ], shape=(2,), dtype=float32)"
"tf.Tensor([56.94218  0.     ], shape=(2,), dtype=float32)"
"tf.Tensor([29.724085  0.      ], shape=(2,), dtype=float32)"
"tf.Tensor([28.783247  0.      ], shape=(2,), dtype=float32)"
"tf.Tensor([10.335856  0.      ], shape=(2,), dtype=float32)"
"tf.Tensor([15.871352  0.      ], shape=(2,), dtype=float32)"
"tf.Tensor([19.345129  0.      ], shape=(2,), dtype=float32)"
"tf.Tensor([13.857445  0.      ], shape=(2,), dtype=float32)"
"tf.Tensor([15.6763935  0.       ], shape=(2,), dtype=float32)"
"tf.Tensor([9.899609 0.      ], shape=(2,), dtype=float32)"
"tf.Tensor([14.332582  0.      ], shape=(2,), dtype=float32)"
"tf.Tensor([18.509151  0.      ], shape=(2,), dtype=float32)"
"tf.Tensor([25.930756  0.      ], shape=(2,), dtype=float32)"
"tf.Tensor([16.552868  0.      ], shape=(2,), dtype=float32)"
"tf.Tensor([6.6304564 0.       ], shape=(2,), dtype=float32)"
"tf.Tensor([9.76475 0.     ], shape=(2,), dtype=float32)"
"tf.Tensor([6.212022 0.      ], shape=(2,), dtype=float32)"
"tf.Tensor([28.378098  0.      ], shape=(2,), dtype=float32)"
"tf.Tensor([2699.5125  723.7896], shape=(2,), dtype=float32)"
"tf.Tensor([6385.1895 2416.711 ], shape=(2,), dtype=float32)"
"tf.Tensor([9398.345  2955.6125], shape=(2,), dtype=float32)"
"tf.Tensor([11023.959   3396.8318], shape=(2,), dtype=float32)"
"tf.Tensor([12808.586   4328.4985], shape=(2,), dtype=float32)"
"tf.Tensor([16637.201   6494.0312], shape=(2,), dtype=float32)"
"tf.Tensor([20638.336 10050.926], shape=(2,), dtype=float32)"
"tf.Tensor([21630.738 10408.619], shape=(2,), dtype=float32)"
"tf.Tensor([21894.727 10342.464], shape=(2,), dtype=float32)"
"tf.Tensor([20136.895  8942.705], shape=(2,), dtype=float32)"
"tf.Tensor([16500.855   6220.9995], shape=(2,), dtype=float32)"
"tf.Tensor([12860.961   3628.7397], shape=(2,), dtype=float32)"
"tf.Tensor([8886.412  1787.7162], shape=(2,), dtype=float32)"
"tf.Tensor([6059.1665  666.2197], shape=(2,), dtype=float32)"
"tf.Tensor([4555.495  464.702], shape=(2,), dtype=float32)"
"tf.Tensor([3896.5818     14.329512], shape=(2,), dtype=float32)"
"tf.Tensor([3375.7466    0.    ], shape=(2,), dtype=float32)"
"tf.Tensor([3129.2498    0.    ], shape=(2,), dtype=float32)"
"tf.Tensor([2492.1697    0.    ], shape=(2,), dtype=float32)"
"tf.Tensor([1839.2982    0.    ], shape=(2,), dtype=float32)"
"tf.Tensor([1197.2631    0.    ], shape=(2,), dtype=float32)"
"tf.Tensor([857.97107   0.     ], shape=(2,), dtype=float32)"
"tf.Tensor([604.7848   0.    ], shape=(2,), dtype=float32)"
"tf.Tensor([385.1168   0.    ], shape=(2,), dtype=float32)"
"tf.Tensor([231.2686   0.    ], shape=(2,), dtype=float32)"
"tf.Tensor([98.90841  0.     ], shape=(2,), dtype=float32)"
"tf.Tensor([32.5216  0.    ], shape=(2,), dtype=float32)"
"tf.Tensor([30.698143  0.      ], shape=(2,), dtype=float32)"
"tf.Tensor([18.61472  0.     ], shape=(2,), dtype=float32)"
"tf.Tensor([10.618315  0.      ], shape=(2,), dtype=float32)"
"tf.Tensor([9.686857 0.      ], shape=(2,), dtype=float32)"
"tf.Tensor([14.173958  0.      ], shape=(2,), dtype=float32)"
"tf.Tensor([14.567049  0.      ], shape=(2,), dtype=float32)"
"tf.Tensor([12.126912  0.      ], shape=(2,), dtype=float32)"
"tf.Tensor([9.950399 0.      ], shape=(2,), dtype=float32)"
"tf.Tensor([144.96428   55.811916], shape=(2,), dtype=float32)"
"tf.Tensor([3761.4316 1512.4238], shape=(2,), dtype=float32)"
"tf.Tensor([8828.788  3947.6152], shape=(2,), dtype=float32)"
"tf.Tensor([15241.901  7635.017], shape=(2,), dtype=float32)"
"tf.Tensor([18922.842  9135.289], shape=(2,), dtype=float32)"
"tf.Tensor([18564.635   8158.5635], shape=(2,), dtype=float32)"
"tf.Tensor([18138.322   7508.6436], shape=(2,), dtype=float32)"
"tf.Tensor([16276.852  6195.288], shape=(2,), dtype=float32)"
"tf.Tensor([13884.764  4680.036], shape=(2,), dtype=float32)"
"tf.Tensor([12466.383   3631.5005], shape=(2,), dtype=float32)"
"tf.Tensor([10517.473   2845.9995], shape=(2,), dtype=float32)"
"tf.Tensor([9284.124 2105.51 ], shape=(2,), dtype=float32)"
"tf.Tensor([8305.406  1545.5803], shape=(2,), dtype=float32)"
"tf.Tensor([6423.7476  802.268 ], shape=(2,), dtype=float32)"
"tf.Tensor([5447.6333   632.37897], shape=(2,), dtype=float32)"
"tf.Tensor([4351.822    415.73615], shape=(2,), dtype=float32)"
"tf.Tensor([3111.0388    0.    ], shape=(2,), dtype=float32)"
"tf.Tensor([2966.8298    0.    ], shape=(2,), dtype=float32)"
"tf.Tensor([2464.195    0.   ], shape=(2,), dtype=float32)"
"tf.Tensor([2024.3138    0.    ], shape=(2,), dtype=float32)"
"tf.Tensor([1616.8265    0.    ], shape=(2,), dtype=float32)"
"tf.Tensor([1086.0293    0.    ], shape=(2,), dtype=float32)"
"tf.Tensor([511.3995   0.    ], shape=(2,), dtype=float32)"
"tf.Tensor([387.78784   0.     ], shape=(2,), dtype=float32)"
"tf.Tensor([221.08044   0.     ], shape=(2,), dtype=float32)"
"tf.Tensor([186.44373   0.     ], shape=(2,), dtype=float32)"
"tf.Tensor([40.655388  0.      ], shape=(2,), dtype=float32)"
"tf.Tensor([16.722647  0.      ], shape=(2,), dtype=float32)"
"tf.Tensor([16.332626  0.      ], shape=(2,), dtype=float32)"
"tf.Tensor([18.533916  0.      ], shape=(2,), dtype=float32)"
"tf.Tensor([15.486289  0.      ], shape=(2,), dtype=float32)"
"tf.Tensor([11.575582  0.      ], shape=(2,), dtype=float32)"
"tf.Tensor([4.0758886 0.       ], shape=(2,), dtype=float32)"
"tf.Tensor([4.921138 0.      ], shape=(2,), dtype=float32)"
"tf.Tensor([16.73154  0.     ], shape=(2,), dtype=float32)"
"tf.Tensor([8.929501 0.      ], shape=(2,), dtype=float32)"
"tf.Tensor([1.4152364 0.       ], shape=(2,), dtype=float32)"
"tf.Tensor([2.1749837 0.       ], shape=(2,), dtype=float32)"
"tf.Tensor([7.3225164 0.       ], shape=(2,), dtype=float32)"
"tf.Tensor([4.755582 0.      ], shape=(2,), dtype=float32)"
"tf.Tensor([10.520869  0.      ], shape=(2,), dtype=float32)"
"tf.Tensor([12.633549  0.      ], shape=(2,), dtype=float32)"
"tf.Tensor([10.167122  0.      ], shape=(2,), dtype=float32)"
"tf.Tensor([4155.2363 3537.1313], shape=(2,), dtype=float32)"
"tf.Tensor([11229.858 14329.924], shape=(2,), dtype=float32)"
"tf.Tensor([16356.459 21880.783], shape=(2,), dtype=float32)"
"tf.Tensor([20417.957 28450.504], shape=(2,), dtype=float32)"
"tf.Tensor([24042.205 32761.672], shape=(2,), dtype=float32)"
"tf.Tensor([25080.87  32735.463], shape=(2,), dtype=float32)"
"tf.Tensor([23527.697 28204.693], shape=(2,), dtype=float32)"
"tf.Tensor([21565.635 24486.635], shape=(2,), dtype=float32)"
"tf.Tensor([20588.61  21076.928], shape=(2,), dtype=float32)"
"tf.Tensor([22013.125 23224.303], shape=(2,), dtype=float32)"
"tf.Tensor([22486.729 25248.916], shape=(2,), dtype=float32)"
"tf.Tensor([21329.482 23769.326], shape=(2,), dtype=float32)"
"tf.Tensor([22405.225 28189.436], shape=(2,), dtype=float32)"
"tf.Tensor([20764.273 27900.934], shape=(2,), dtype=float32)"
"tf.Tensor([18991.594 28127.324], shape=(2,), dtype=float32)"
"tf.Tensor([17865.3   28912.719], shape=(2,), dtype=float32)"
"tf.Tensor([16125.561 27253.53 ], shape=(2,), dtype=float32)"
"tf.Tensor([13239.202 23200.053], shape=(2,), dtype=float32)"
"tf.Tensor([ 8795.228 15991.986], shape=(2,), dtype=float32)"
"tf.Tensor([ 6478.788 11754.358], shape=(2,), dtype=float32)"
"tf.Tensor([2795.9143 4062.8218], shape=(2,), dtype=float32)"
"tf.Tensor([676.8922   0.    ], shape=(2,), dtype=float32)"
"tf.Tensor([488.5071   0.    ], shape=(2,), dtype=float32)"
"tf.Tensor([294.4077   0.    ], shape=(2,), dtype=float32)"
"tf.Tensor([170.45818   0.     ], shape=(2,), dtype=float32)"
"tf.Tensor([68.986694  0.      ], shape=(2,), dtype=float32)"
"tf.Tensor([48.723232  0.      ], shape=(2,), dtype=float32)"
"tf.Tensor([18.430635  0.      ], shape=(2,), dtype=float32)"
"tf.Tensor([18.513437  0.      ], shape=(2,), dtype=float32)"
"tf.Tensor([16.446663  0.      ], shape=(2,), dtype=float32)"
"tf.Tensor([15.360926  0.      ], shape=(2,), dtype=float32)"
"tf.Tensor([23.744797  0.      ], shape=(2,), dtype=float32)"
"tf.Tensor([17.611595  0.      ], shape=(2,), dtype=float32)"
"tf.Tensor([17.991924  0.      ], shape=(2,), dtype=float32)"
"tf.Tensor([19.091686  0.      ], shape=(2,), dtype=float32)"
"tf.Tensor([22.860462  0.      ], shape=(2,), dtype=float32)"
"tf.Tensor([16.996576  0.      ], shape=(2,), dtype=float32)"
"tf.Tensor([15.890446  0.      ], shape=(2,), dtype=float32)"
"tf.Tensor([2008.6626 5232.8467], shape=(2,), dtype=float32)"
"tf.Tensor([ 4394.002 10519.574], shape=(2,), dtype=float32)"
"tf.Tensor([ 7856.251 15838.669], shape=(2,), dtype=float32)"
"tf.Tensor([10734.946 21377.229], shape=(2,), dtype=float32)"
"tf.Tensor([10917.622 21835.176], shape=(2,), dtype=float32)"
"tf.Tensor([11268.768 22718.701], shape=(2,), dtype=float32)"
"tf.Tensor([10141.037 20832.04 ], shape=(2,), dtype=float32)"
"tf.Tensor([ 9867.676 21233.186], shape=(2,), dtype=float32)"
"tf.Tensor([ 9689.455 21687.004], shape=(2,), dtype=float32)"
"tf.Tensor([ 8827.506 20096.516], shape=(2,), dtype=float32)"
"tf.Tensor([ 7549.1826 18229.53  ], shape=(2,), dtype=float32)"
"tf.Tensor([ 4059.155 16361.064], shape=(2,), dtype=float32)"
"tf.Tensor([ 5842.553 16505.271], shape=(2,), dtype=float32)"
"tf.Tensor([ 5818.672 16726.846], shape=(2,), dtype=float32)"
"tf.Tensor([ 5021.793 13605.77 ], shape=(2,), dtype=float32)"
"tf.Tensor([ 4023.4045 10619.884 ], shape=(2,), dtype=float32)"
"tf.Tensor([3567.0894 9537.213 ], shape=(2,), dtype=float32)"
"tf.Tensor([2339.3586 6311.128 ], shape=(2,), dtype=float32)"
"tf.Tensor([1680.4532 4457.6333], shape=(2,), dtype=float32)"
"tf.Tensor([1023.3988 2725.479 ], shape=(2,), dtype=float32)"
"tf.Tensor([353.32767   0.     ], shape=(2,), dtype=float32)"
"tf.Tensor([230.15483   0.     ], shape=(2,), dtype=float32)"
"tf.Tensor([54.397995  0.      ], shape=(2,), dtype=float32)"
"tf.Tensor([58.194157  0.      ], shape=(2,), dtype=float32)"
"tf.Tensor([40.472958  0.      ], shape=(2,), dtype=float32)"
"tf.Tensor([13.354092  0.      ], shape=(2,), dtype=float32)"
"tf.Tensor([8.372395 0.      ], shape=(2,), dtype=float32)"
"tf.Tensor([7.9585094 0.       ], shape=(2,), dtype=float32)"
"tf.Tensor([7.5061035 0.       ], shape=(2,), dtype=float32)"
"tf.Tensor([12.222688  0.      ], shape=(2,), dtype=float32)"
"tf.Tensor([12.4030285  0.       ], shape=(2,), dtype=float32)"
"tf.Tensor([6.603853 0.      ], shape=(2,), dtype=float32)"
"tf.Tensor([9.4311695 0.       ], shape=(2,), dtype=float32)"
"tf.Tensor([8.768863 0.      ], shape=(2,), dtype=float32)"
"tf.Tensor([11.964664  0.      ], shape=(2,), dtype=float32)"
"tf.Tensor([8.2531595 0.       ], shape=(2,), dtype=float32)"
"tf.Tensor([1063.5868 2657.3125], shape=(2,), dtype=float32)"
"tf.Tensor([2727.151  6887.8726], shape=(2,), dtype=float32)"
"tf.Tensor([ 5135.606 12164.895], shape=(2,), dtype=float32)"
"tf.Tensor([ 7674.938 16360.456], shape=(2,), dtype=float32)"
"tf.Tensor([ 5657.773 16726.701], shape=(2,), dtype=float32)"
"tf.Tensor([ 6000.927 18306.291], shape=(2,), dtype=float32)"
"tf.Tensor([ 6348.5566 19149.482 ], shape=(2,), dtype=float32)"
"tf.Tensor([ 5564.9404 16957.969 ], shape=(2,), dtype=float32)"
"tf.Tensor([12394.744 24759.645], shape=(2,), dtype=float32)"
"tf.Tensor([11131.95  24405.527], shape=(2,), dtype=float32)"
"tf.Tensor([ 9564.546 23665.201], shape=(2,), dtype=float32)"
"tf.Tensor([ 4863.178 20204.783], shape=(2,), dtype=float32)"
"tf.Tensor([ 3715.3323 16449.756 ], shape=(2,), dtype=float32)"
"tf.Tensor([ 5365.5176 15035.6875], shape=(2,), dtype=float32)"
"tf.Tensor([ 5347.546 14713.525], shape=(2,), dtype=float32)"
"tf.Tensor([ 5430.1797 14374.697 ], shape=(2,), dtype=float32)"
"tf.Tensor([ 4218.002 11171.263], shape=(2,), dtype=float32)"
"tf.Tensor([3030.4055 8156.6777], shape=(2,), dtype=float32)"
"tf.Tensor([1945.7881 5391.06  ], shape=(2,), dtype=float32)"
"tf.Tensor([1289.8226 3568.778 ], shape=(2,), dtype=float32)"
"tf.Tensor([511.07257   0.     ], shape=(2,), dtype=float32)"
"tf.Tensor([262.6695   0.    ], shape=(2,), dtype=float32)"
"tf.Tensor([145.35072   0.     ], shape=(2,), dtype=float32)"
"tf.Tensor([67.69416  0.     ], shape=(2,), dtype=float32)"
"tf.Tensor([34.689636  0.      ], shape=(2,), dtype=float32)"
"tf.Tensor([21.079247  0.      ], shape=(2,), dtype=float32)"
"tf.Tensor([13.311489  0.      ], shape=(2,), dtype=float32)"
"tf.Tensor([7.708435 0.      ], shape=(2,), dtype=float32)"
"tf.Tensor([8.034836 0.      ], shape=(2,), dtype=float32)"
"tf.Tensor([8.615627 0.      ], shape=(2,), dtype=float32)"
"tf.Tensor([5.6782675 0.       ], shape=(2,), dtype=float32)"
"tf.Tensor([7.4681444 0.       ], shape=(2,), dtype=float32)"
"tf.Tensor([9.608508 0.      ], shape=(2,), dtype=float32)"
"tf.Tensor([10.848373  0.      ], shape=(2,), dtype=float32)"
"tf.Tensor([ 51.066345 119.56177 ], shape=(2,), dtype=float32)"
"tf.Tensor([1612.7072 4924.5913], shape=(2,), dtype=float32)"
"tf.Tensor([ 2737.789 10418.108], shape=(2,), dtype=float32)"
"tf.Tensor([ 6050.7725 15164.238 ], shape=(2,), dtype=float32)"
"tf.Tensor([ 6802.8145 16814.31  ], shape=(2,), dtype=float32)"
"tf.Tensor([ 8971.989 20858.809], shape=(2,), dtype=float32)"
"tf.Tensor([ 9756.55  21940.668], shape=(2,), dtype=float32)"
"tf.Tensor([12613.426 26803.8  ], shape=(2,), dtype=float32)"
"tf.Tensor([12872.557 25559.14 ], shape=(2,), dtype=float32)"
"tf.Tensor([12942.166 25588.186], shape=(2,), dtype=float32)"
"tf.Tensor([10528.427 21945.2  ], shape=(2,), dtype=float32)"
"tf.Tensor([ 7921.2656 19139.057 ], shape=(2,), dtype=float32)"
"tf.Tensor([ 6554.586 16864.926], shape=(2,), dtype=float32)"
"tf.Tensor([ 5536.247 15842.275], shape=(2,), dtype=float32)"
"tf.Tensor([ 4996.775 13897.416], shape=(2,), dtype=float32)"
"tf.Tensor([ 5104.001 13528.082], shape=(2,), dtype=float32)"
"tf.Tensor([ 3897.3254 10254.469 ], shape=(2,), dtype=float32)"
"tf.Tensor([2777.6863 7395.1636], shape=(2,), dtype=float32)"
"tf.Tensor([1757.9658 4857.378 ], shape=(2,), dtype=float32)"
"tf.Tensor([1216.0496 3384.565 ], shape=(2,), dtype=float32)"
"tf.Tensor([338.78406   0.     ], shape=(2,), dtype=float32)"
"tf.Tensor([190.829     37.146305], shape=(2,), dtype=float32)"
"tf.Tensor([83.77801 92.01462], shape=(2,), dtype=float32)"
"tf.Tensor([47.90621  0.     ], shape=(2,), dtype=float32)"
"tf.Tensor([13.084261  0.      ], shape=(2,), dtype=float32)"
"tf.Tensor([17.191292  0.      ], shape=(2,), dtype=float32)"
"tf.Tensor([19.715157  0.      ], shape=(2,), dtype=float32)"
"tf.Tensor([16.606098  0.      ], shape=(2,), dtype=float32)"
"tf.Tensor([15.286385  0.      ], shape=(2,), dtype=float32)"
"tf.Tensor([15.57285  0.     ], shape=(2,), dtype=float32)"
"tf.Tensor([12.913641  0.      ], shape=(2,), dtype=float32)"
"tf.Tensor([12.548407  0.      ], shape=(2,), dtype=float32)"
"tf.Tensor([15.256681  0.      ], shape=(2,), dtype=float32)"
"tf.Tensor([12.191012  0.      ], shape=(2,), dtype=float32)"
"tf.Tensor([8.198024 0.      ], shape=(2,), dtype=float32)"
"tf.Tensor([10.407843  0.      ], shape=(2,), dtype=float32)"
"tf.Tensor([7.4285045 0.       ], shape=(2,), dtype=float32)"
"tf.Tensor([5.807862 0.      ], shape=(2,), dtype=float32)"
"tf.Tensor([10.084678  0.      ], shape=(2,), dtype=float32)"
"tf.Tensor([15.253859  0.      ], shape=(2,), dtype=float32)"
"tf.Tensor([26.56052  0.     ], shape=(2,), dtype=float32)"
"tf.Tensor([32.874794  0.      ], shape=(2,), dtype=float32)"
"tf.Tensor([61.366013  0.      ], shape=(2,), dtype=float32)"
"tf.Tensor([78.29279  0.     ], shape=(2,), dtype=float32)"
"tf.Tensor([95.06147  0.     ], shape=(2,), dtype=float32)"
"tf.Tensor([95.988945  0.      ], shape=(2,), dtype=float32)"
"tf.Tensor([102.06649   0.     ], shape=(2,), dtype=float32)"
"tf.Tensor([105.453804   0.      ], shape=(2,), dtype=float32)"
"tf.Tensor([109.10648   0.     ], shape=(2,), dtype=float32)"
"tf.Tensor([123.175606   0.      ], shape=(2,), dtype=float32)"
"tf.Tensor([119.79598   0.     ], shape=(2,), dtype=float32)"
"tf.Tensor([116.636345   0.      ], shape=(2,), dtype=float32)"
"tf.Tensor([94.135216  0.      ], shape=(2,), dtype=float32)"
"tf.Tensor([65.38405  0.     ], shape=(2,), dtype=float32)"
"tf.Tensor([61.670372  0.      ], shape=(2,), dtype=float32)"
"tf.Tensor([48.17733  0.     ], shape=(2,), dtype=float32)"
"tf.Tensor([43.32129  0.     ], shape=(2,), dtype=float32)"
"tf.Tensor([31.854454  0.      ], shape=(2,), dtype=float32)"
"tf.Tensor([25.061836  0.      ], shape=(2,), dtype=float32)"
"tf.Tensor([21.458447  0.      ], shape=(2,), dtype=float32)"
"tf.Tensor([10.611404  0.      ], shape=(2,), dtype=float32)"
"tf.Tensor([19.998875  0.      ], shape=(2,), dtype=float32)"
"tf.Tensor([22.155462  0.      ], shape=(2,), dtype=float32)"
"tf.Tensor([24.271996  0.      ], shape=(2,), dtype=float32)"
"tf.Tensor([16.81195  0.     ], shape=(2,), dtype=float32)"
"tf.Tensor([8.182213 0.      ], shape=(2,), dtype=float32)"
"tf.Tensor([8.427757 0.      ], shape=(2,), dtype=float32)"
"tf.Tensor([10.969387  0.      ], shape=(2,), dtype=float32)"
"tf.Tensor([14.29081  0.     ], shape=(2,), dtype=float32)"
"tf.Tensor([11.854968  0.      ], shape=(2,), dtype=float32)"
"tf.Tensor([12.0446615  0.       ], shape=(2,), dtype=float32)"
"tf.Tensor([12.49441  0.     ], shape=(2,), dtype=float32)"
"tf.Tensor([2.7342985 0.       ], shape=(2,), dtype=float32)"
"tf.Tensor([2.1683614 0.       ], shape=(2,), dtype=float32)"
"tf.Tensor([1.9308337 0.       ], shape=(2,), dtype=float32)"
"tf.Tensor([10.762752  0.      ], shape=(2,), dtype=float32)"
"tf.Tensor([8.5520935 0.       ], shape=(2,), dtype=float32)"
"tf.Tensor([62.28891  0.     ], shape=(2,), dtype=float32)"
"tf.Tensor([2306.7036  451.9194], shape=(2,), dtype=float32)"
"tf.Tensor([3562.382   524.9346], shape=(2,), dtype=float32)"
"tf.Tensor([4281.008    593.64795], shape=(2,), dtype=float32)"
"tf.Tensor([5126.501    702.44073], shape=(2,), dtype=float32)"
"tf.Tensor([6976.596  1327.3452], shape=(2,), dtype=float32)"
"tf.Tensor([8856.553  2145.0254], shape=(2,), dtype=float32)"
"tf.Tensor([10908.8125  3199.5115], shape=(2,), dtype=float32)"
"tf.Tensor([11646.734   3528.1704], shape=(2,), dtype=float32)"
"tf.Tensor([11802.615   3771.8406], shape=(2,), dtype=float32)"
"tf.Tensor([11529.67    3363.5767], shape=(2,), dtype=float32)"
"tf.Tensor([9645.4375 2417.296 ], shape=(2,), dtype=float32)"
"tf.Tensor([6704.6597  946.0143], shape=(2,), dtype=float32)"
"tf.Tensor([4052.5745   339.00107], shape=(2,), dtype=float32)"
"tf.Tensor([3287.5422    0.    ], shape=(2,), dtype=float32)"
"tf.Tensor([3082.7827    0.    ], shape=(2,), dtype=float32)"
"tf.Tensor([2573.2986    0.    ], shape=(2,), dtype=float32)"
"tf.Tensor([1924.0433    0.    ], shape=(2,), dtype=float32)"
"tf.Tensor([1428.0725    0.    ], shape=(2,), dtype=float32)"
"tf.Tensor([845.1066   0.    ], shape=(2,), dtype=float32)"
"tf.Tensor([729.75964   0.     ], shape=(2,), dtype=float32)"
"tf.Tensor([582.63635   0.     ], shape=(2,), dtype=float32)"
"tf.Tensor([419.80032   0.     ], shape=(2,), dtype=float32)"
"tf.Tensor([314.9712   0.    ], shape=(2,), dtype=float32)"
"tf.Tensor([215.21832   0.     ], shape=(2,), dtype=float32)"
"tf.Tensor([125.1374   0.    ], shape=(2,), dtype=float32)"
"tf.Tensor([22.203445  0.      ], shape=(2,), dtype=float32)"
"tf.Tensor([17.024094  0.      ], shape=(2,), dtype=float32)"
"tf.Tensor([11.820919  0.      ], shape=(2,), dtype=float32)"
"tf.Tensor([13.123139  0.      ], shape=(2,), dtype=float32)"
"tf.Tensor([3.5223644 0.       ], shape=(2,), dtype=float32)"
"tf.Tensor([2.9397285 0.       ], shape=(2,), dtype=float32)"
"tf.Tensor([11.827663  0.      ], shape=(2,), dtype=float32)"
"tf.Tensor([17.923588  0.      ], shape=(2,), dtype=float32)"
"tf.Tensor([17.027344  0.      ], shape=(2,), dtype=float32)"
"tf.Tensor([3.8208177 0.       ], shape=(2,), dtype=float32)"
"tf.Tensor([4.925913 0.      ], shape=(2,), dtype=float32)"
"tf.Tensor([2781.0623  731.023 ], shape=(2,), dtype=float32)"
"tf.Tensor([7890.7285 3209.8232], shape=(2,), dtype=float32)"
"tf.Tensor([11970.098   4841.0845], shape=(2,), dtype=float32)"
"tf.Tensor([14730.941   6289.2354], shape=(2,), dtype=float32)"
"tf.Tensor([17427.53    7826.1094], shape=(2,), dtype=float32)"
"tf.Tensor([18811.166  8582.201], shape=(2,), dtype=float32)"
"tf.Tensor([19801.42   9699.615], shape=(2,), dtype=float32)"
"tf.Tensor([18458.713  8289.725], shape=(2,), dtype=float32)"
"tf.Tensor([14915.26    5314.2725], shape=(2,), dtype=float32)"
"tf.Tensor([10971.674  3021.546], shape=(2,), dtype=float32)"
"tf.Tensor([8140.85   1560.2256], shape=(2,), dtype=float32)"
"tf.Tensor([5621.84    642.9882], shape=(2,), dtype=float32)"
"tf.Tensor([4533.617    551.67444], shape=(2,), dtype=float32)"
"tf.Tensor([3967.7097   245.17021], shape=(2,), dtype=float32)"
"tf.Tensor([3012.5164    0.    ], shape=(2,), dtype=float32)"
"tf.Tensor([3029.6968    0.    ], shape=(2,), dtype=float32)"
"tf.Tensor([2649.199    0.   ], shape=(2,), dtype=float32)"
"tf.Tensor([2146.872    0.   ], shape=(2,), dtype=float32)"
"tf.Tensor([1515.8546    0.    ], shape=(2,), dtype=float32)"
"tf.Tensor([967.78564   0.     ], shape=(2,), dtype=float32)"
"tf.Tensor([887.8356   0.    ], shape=(2,), dtype=float32)"
"tf.Tensor([689.3805   0.    ], shape=(2,), dtype=float32)"
"tf.Tensor([491.0113   0.    ], shape=(2,), dtype=float32)"
"tf.Tensor([341.67175   0.     ], shape=(2,), dtype=float32)"
"tf.Tensor([192.27695   0.     ], shape=(2,), dtype=float32)"
"tf.Tensor([29.926842  0.      ], shape=(2,), dtype=float32)"
"tf.Tensor([34.770847  0.      ], shape=(2,), dtype=float32)"
"tf.Tensor([14.801122  0.      ], shape=(2,), dtype=float32)"
"tf.Tensor([6.738055 0.      ], shape=(2,), dtype=float32)"
"tf.Tensor([7.57419 0.     ], shape=(2,), dtype=float32)"
"tf.Tensor([10.336634  0.      ], shape=(2,), dtype=float32)"
"tf.Tensor([10.74918  0.     ], shape=(2,), dtype=float32)"
"tf.Tensor([6.1863527 0.       ], shape=(2,), dtype=float32)"
"tf.Tensor([10.128502  0.      ], shape=(2,), dtype=float32)"
"tf.Tensor([7.105912 0.      ], shape=(2,), dtype=float32)"
"tf.Tensor([0.6138051 0.       ], shape=(2,), dtype=float32)"
"tf.Tensor([3.0186193 0.       ], shape=(2,), dtype=float32)"
"tf.Tensor([2.9978144 0.       ], shape=(2,), dtype=float32)"
"tf.Tensor([3.8436897 0.       ], shape=(2,), dtype=float32)"
"tf.Tensor([356.79382  97.38902], shape=(2,), dtype=float32)"
"tf.Tensor([4531.244  1548.8605], shape=(2,), dtype=float32)"
"tf.Tensor([8294.201  3124.1274], shape=(2,), dtype=float32)"
"tf.Tensor([10535.021   3511.7583], shape=(2,), dtype=float32)"
"tf.Tensor([11406.61   3710.646], shape=(2,), dtype=float32)"
"tf.Tensor([12191.279   3988.0513], shape=(2,), dtype=float32)"
"tf.Tensor([12747.395  4195.894], shape=(2,), dtype=float32)"
"tf.Tensor([12356.75    3926.5034], shape=(2,), dtype=float32)"
"tf.Tensor([12645.656   3918.5342], shape=(2,), dtype=float32)"
"tf.Tensor([12031.76    3573.3848], shape=(2,), dtype=float32)"
"tf.Tensor([10405.172  2704.561], shape=(2,), dtype=float32)"
"tf.Tensor([8046.9307 1500.5249], shape=(2,), dtype=float32)"
"tf.Tensor([5146.9014  594.9261], shape=(2,), dtype=float32)"
"tf.Tensor([4407.0703   409.04007], shape=(2,), dtype=float32)"
"tf.Tensor([3614.991    0.   ], shape=(2,), dtype=float32)"
"tf.Tensor([3520.2283    0.    ], shape=(2,), dtype=float32)"
"tf.Tensor([2886.2515    0.    ], shape=(2,), dtype=float32)"
"tf.Tensor([2622.778    0.   ], shape=(2,), dtype=float32)"
"tf.Tensor([1962.6227    0.    ], shape=(2,), dtype=float32)"
"tf.Tensor([1449.3387    0.    ], shape=(2,), dtype=float32)"
"tf.Tensor([766.8471   0.    ], shape=(2,), dtype=float32)"
"tf.Tensor([528.8509   0.    ], shape=(2,), dtype=float32)"
"tf.Tensor([270.53784   0.     ], shape=(2,), dtype=float32)"
"tf.Tensor([251.66173   0.     ], shape=(2,), dtype=float32)"
"tf.Tensor([101.213615   0.      ], shape=(2,), dtype=float32)"
"tf.Tensor([58.63991  0.     ], shape=(2,), dtype=float32)"
"tf.Tensor([28.049297  0.      ], shape=(2,), dtype=float32)"
"tf.Tensor([20.600225  0.      ], shape=(2,), dtype=float32)"
"tf.Tensor([17.817905  0.      ], shape=(2,), dtype=float32)"
"tf.Tensor([6.517013 0.      ], shape=(2,), dtype=float32)"
"tf.Tensor([10.171619  0.      ], shape=(2,), dtype=float32)"
"tf.Tensor([10.113712  0.      ], shape=(2,), dtype=float32)"
"tf.Tensor([13.933711  0.      ], shape=(2,), dtype=float32)"
"tf.Tensor([9.655422 0.      ], shape=(2,), dtype=float32)"
"tf.Tensor([16.499073  0.      ], shape=(2,), dtype=float32)"
"tf.Tensor([15.25671  0.     ], shape=(2,), dtype=float32)"
"tf.Tensor([5.8770657 0.       ], shape=(2,), dtype=float32)"
"tf.Tensor([5.511896 0.      ], shape=(2,), dtype=float32)"
"tf.Tensor([127.07494 169.78175], shape=(2,), dtype=float32)"
"tf.Tensor([3708.3528 3368.097 ], shape=(2,), dtype=float32)"
"tf.Tensor([12024.563 14305.037], shape=(2,), dtype=float32)"
"tf.Tensor([18624.58  23358.422], shape=(2,), dtype=float32)"
"tf.Tensor([22686.893 30082.205], shape=(2,), dtype=float32)"
"tf.Tensor([27371.35  36100.453], shape=(2,), dtype=float32)"
"tf.Tensor([33189.977 42635.95 ], shape=(2,), dtype=float32)"
"tf.Tensor([30971.303 35905.617], shape=(2,), dtype=float32)"
"tf.Tensor([25357.088 25814.445], shape=(2,), dtype=float32)"
"tf.Tensor([23889.268 23085.422], shape=(2,), dtype=float32)"
"tf.Tensor([22620.703 23665.395], shape=(2,), dtype=float32)"
"tf.Tensor([21197.07  23710.566], shape=(2,), dtype=float32)"
"tf.Tensor([20330.857 26495.293], shape=(2,), dtype=float32)"
"tf.Tensor([18867.254 27664.682], shape=(2,), dtype=float32)"
"tf.Tensor([20085.873 31551.59 ], shape=(2,), dtype=float32)"
"tf.Tensor([17258.256 28349.93 ], shape=(2,), dtype=float32)"
"tf.Tensor([14081.009 24809.238], shape=(2,), dtype=float32)"
"tf.Tensor([12036.414 21539.242], shape=(2,), dtype=float32)"
"tf.Tensor([ 8383.274 15328.869], shape=(2,), dtype=float32)"
"tf.Tensor([4018.5989 7030.9204], shape=(2,), dtype=float32)"
"tf.Tensor([3525.4587 6312.6655], shape=(2,), dtype=float32)"
"tf.Tensor([2938.6677 5437.968 ], shape=(2,), dtype=float32)"
"tf.Tensor([1833.2191 3122.1694], shape=(2,), dtype=float32)"
"tf.Tensor([404.74506   0.     ], shape=(2,), dtype=float32)"
"tf.Tensor([217.77681   0.     ], shape=(2,), dtype=float32)"
"tf.Tensor([70.68161  0.     ], shape=(2,), dtype=float32)"
"tf.Tensor([32.44282  0.     ], shape=(2,), dtype=float32)"
"tf.Tensor([38.722126  0.      ], shape=(2,), dtype=float32)"
"tf.Tensor([35.76172  0.     ], shape=(2,), dtype=float32)"
"tf.Tensor([15.728924  0.      ], shape=(2,), dtype=float32)"
"tf.Tensor([4.9839725 0.       ], shape=(2,), dtype=float32)"
"tf.Tensor([15.580149  0.      ], shape=(2,), dtype=float32)"
"tf.Tensor([14.530338  0.      ], shape=(2,), dtype=float32)"
"tf.Tensor([9.342579 0.      ], shape=(2,), dtype=float32)"
"tf.Tensor([20.56525  0.     ], shape=(2,), dtype=float32)"
"tf.Tensor([14.910652  0.      ], shape=(2,), dtype=float32)"
"tf.Tensor([13.362452  0.      ], shape=(2,), dtype=float32)"
"tf.Tensor([18.7763  0.    ], shape=(2,), dtype=float32)"
"tf.Tensor([12.497402  0.      ], shape=(2,), dtype=float32)"
"tf.Tensor([27.559492  0.      ], shape=(2,), dtype=float32)"
"tf.Tensor([41.50602  0.     ], shape=(2,), dtype=float32)"
"tf.Tensor([62.073082  0.      ], shape=(2,), dtype=float32)"
"tf.Tensor([79.85849  0.     ], shape=(2,), dtype=float32)"
"tf.Tensor([91.04081  0.     ], shape=(2,), dtype=float32)"
"tf.Tensor([93.68311  0.     ], shape=(2,), dtype=float32)"
"tf.Tensor([98.46902  0.     ], shape=(2,), dtype=float32)"
"tf.Tensor([95.65247  0.     ], shape=(2,), dtype=float32)"
"tf.Tensor([113.72372   0.     ], shape=(2,), dtype=float32)"
"tf.Tensor([116.4587   0.    ], shape=(2,), dtype=float32)"
"tf.Tensor([106.15978   0.     ], shape=(2,), dtype=float32)"
"tf.Tensor([101.447655   0.      ], shape=(2,), dtype=float32)"
"tf.Tensor([98.33538  0.     ], shape=(2,), dtype=float32)"
"tf.Tensor([97.78159  0.     ], shape=(2,), dtype=float32)"
"tf.Tensor([84.35821  0.     ], shape=(2,), dtype=float32)"
"tf.Tensor([76.82744  0.     ], shape=(2,), dtype=float32)"
"tf.Tensor([70.32385  0.     ], shape=(2,), dtype=float32)"
"tf.Tensor([58.23031  0.     ], shape=(2,), dtype=float32)"
"tf.Tensor([40.206573  0.      ], shape=(2,), dtype=float32)"
"tf.Tensor([20.63941  0.     ], shape=(2,), dtype=float32)"
"tf.Tensor([16.524834  0.      ], shape=(2,), dtype=float32)"
"tf.Tensor([26.437788  0.      ], shape=(2,), dtype=float32)"
"tf.Tensor([10.871635  0.      ], shape=(2,), dtype=float32)"
"tf.Tensor([6.9994993 0.       ], shape=(2,), dtype=float32)"
"tf.Tensor([7.5835915 0.       ], shape=(2,), dtype=float32)"
"tf.Tensor([6.973321 0.      ], shape=(2,), dtype=float32)"
"tf.Tensor([7.522277 0.      ], shape=(2,), dtype=float32)"
"tf.Tensor([3.0967844 0.       ], shape=(2,), dtype=float32)"
"tf.Tensor([3.2493532 0.       ], shape=(2,), dtype=float32)"
"tf.Tensor([11.925578  0.      ], shape=(2,), dtype=float32)"
"tf.Tensor([13.294235  0.      ], shape=(2,), dtype=float32)"
"tf.Tensor([9.055743 0.      ], shape=(2,), dtype=float32)"
"tf.Tensor([11.591598  0.      ], shape=(2,), dtype=float32)"
"tf.Tensor([11.291069  0.      ], shape=(2,), dtype=float32)"
"tf.Tensor([15.521889  0.      ], shape=(2,), dtype=float32)"
"tf.Tensor([8.412668 0.      ], shape=(2,), dtype=float32)"
"tf.Tensor([14.918533  0.      ], shape=(2,), dtype=float32)"
"tf.Tensor([8.3318 0.    ], shape=(2,), dtype=float32)"
"tf.Tensor([23.118048  0.      ], shape=(2,), dtype=float32)"
"tf.Tensor([2739.3057  599.3631], shape=(2,), dtype=float32)"
"tf.Tensor([7174.0054 1943.9976], shape=(2,), dtype=float32)"
"tf.Tensor([11343.006   3816.7173], shape=(2,), dtype=float32)"
"tf.Tensor([15922.486   6163.1323], shape=(2,), dtype=float32)"
"tf.Tensor([22055.44  10498.564], shape=(2,), dtype=float32)"
"tf.Tensor([26174.459 13477.559], shape=(2,), dtype=float32)"
"tf.Tensor([27480.71  14312.135], shape=(2,), dtype=float32)"
"tf.Tensor([29351.729 15252.393], shape=(2,), dtype=float32)"
"tf.Tensor([29125.32  14365.479], shape=(2,), dtype=float32)"
"tf.Tensor([25684.879 12023.783], shape=(2,), dtype=float32)"
"tf.Tensor([20281.033  8502.298], shape=(2,), dtype=float32)"
"tf.Tensor([15052.332  4486.148], shape=(2,), dtype=float32)"
"tf.Tensor([8890.945  1642.2405], shape=(2,), dtype=float32)"
"tf.Tensor([5400.9033  596.3804], shape=(2,), dtype=float32)"
"tf.Tensor([3752.944    0.   ], shape=(2,), dtype=float32)"
"tf.Tensor([3545.0745    0.    ], shape=(2,), dtype=float32)"
"tf.Tensor([3240.3894    0.    ], shape=(2,), dtype=float32)"
"tf.Tensor([2234.663    0.   ], shape=(2,), dtype=float32)"
"tf.Tensor([1631.359    0.   ], shape=(2,), dtype=float32)"
"tf.Tensor([1052.3615    0.    ], shape=(2,), dtype=float32)"
"tf.Tensor([939.62085   0.     ], shape=(2,), dtype=float32)"
"tf.Tensor([847.5559   0.    ], shape=(2,), dtype=float32)"
"tf.Tensor([629.89905   0.     ], shape=(2,), dtype=float32)"
"tf.Tensor([465.59833   0.     ], shape=(2,), dtype=float32)"
"tf.Tensor([319.7551   0.    ], shape=(2,), dtype=float32)"
"tf.Tensor([188.9989   0.    ], shape=(2,), dtype=float32)"
"tf.Tensor([34.439896  0.      ], shape=(2,), dtype=float32)"
"tf.Tensor([25.0704  0.    ], shape=(2,), dtype=float32)"
"tf.Tensor([16.216963  0.      ], shape=(2,), dtype=float32)"
"tf.Tensor([13.757681  0.      ], shape=(2,), dtype=float32)"
"tf.Tensor([10.572063  0.      ], shape=(2,), dtype=float32)"
"tf.Tensor([5.7096567 0.       ], shape=(2,), dtype=float32)"
"tf.Tensor([3.4077213 0.       ], shape=(2,), dtype=float32)"
"tf.Tensor([8.679426 0.      ], shape=(2,), dtype=float32)"
"tf.Tensor([13.912823  0.      ], shape=(2,), dtype=float32)"
"tf.Tensor([14.565981  0.      ], shape=(2,), dtype=float32)"
"tf.Tensor([10.166418  0.      ], shape=(2,), dtype=float32)"
"tf.Tensor([11.312279  0.      ], shape=(2,), dtype=float32)"
"tf.Tensor([14.237257  0.      ], shape=(2,), dtype=float32)"
"tf.Tensor([12.951009  0.      ], shape=(2,), dtype=float32)"
"tf.Tensor([20.248415  0.      ], shape=(2,), dtype=float32)"
"tf.Tensor([20.053564  0.      ], shape=(2,), dtype=float32)"
"tf.Tensor([18.046265  0.      ], shape=(2,), dtype=float32)"
"tf.Tensor([9.585476 0.      ], shape=(2,), dtype=float32)"
"tf.Tensor([11.71656  0.     ], shape=(2,), dtype=float32)"
"tf.Tensor([10.8982935  0.       ], shape=(2,), dtype=float32)"
"tf.Tensor([20.097467  0.      ], shape=(2,), dtype=float32)"
"tf.Tensor([14.148451  0.      ], shape=(2,), dtype=float32)"
"tf.Tensor([9.516222 0.      ], shape=(2,), dtype=float32)"
"tf.Tensor([5.000992 0.      ], shape=(2,), dtype=float32)"
"tf.Tensor([3.718911 0.      ], shape=(2,), dtype=float32)"
"tf.Tensor([3.1578567 0.       ], shape=(2,), dtype=float32)"
"tf.Tensor([5.976194 0.      ], shape=(2,), dtype=float32)"
"tf.Tensor([4.485138 0.      ], shape=(2,), dtype=float32)"
"tf.Tensor([5.113041 0.      ], shape=(2,), dtype=float32)"
"tf.Tensor([6.3605824 0.       ], shape=(2,), dtype=float32)"
"tf.Tensor([10.771493  0.      ], shape=(2,), dtype=float32)"
"tf.Tensor([16.23023  0.     ], shape=(2,), dtype=float32)"
"tf.Tensor([14.073256  0.      ], shape=(2,), dtype=float32)"
"tf.Tensor([6.759715 0.      ], shape=(2,), dtype=float32)"
"tf.Tensor([6.3908195 0.       ], shape=(2,), dtype=float32)"
"tf.Tensor([7.4289513 0.       ], shape=(2,), dtype=float32)"
"tf.Tensor([21.602016  0.      ], shape=(2,), dtype=float32)"
"tf.Tensor([17.934507  0.      ], shape=(2,), dtype=float32)"
"tf.Tensor([12.331898  0.      ], shape=(2,), dtype=float32)"
"tf.Tensor([16.809622  0.      ], shape=(2,), dtype=float32)"
"tf.Tensor([18.062578  0.      ], shape=(2,), dtype=float32)"
"tf.Tensor([9.922976 0.      ], shape=(2,), dtype=float32)"
"tf.Tensor([0. 0.], shape=(2,), dtype=float32)"
"tf.Tensor([1.6306418 0.       ], shape=(2,), dtype=float32)"
"tf.Tensor([11.177132  0.      ], shape=(2,), dtype=float32)"
"tf.Tensor([8.472803 0.      ], shape=(2,), dtype=float32)"
"tf.Tensor([7.6890135 0.       ], shape=(2,), dtype=float32)"
"tf.Tensor([13.56298  0.     ], shape=(2,), dtype=float32)"
"tf.Tensor([14.351747  0.      ], shape=(2,), dtype=float32)"
"tf.Tensor([10.725824  0.      ], shape=(2,), dtype=float32)"
"tf.Tensor([16.366264  0.      ], shape=(2,), dtype=float32)"
"tf.Tensor([2.1072824 0.       ], shape=(2,), dtype=float32)"
"tf.Tensor([0.03649601 0.        ], shape=(2,), dtype=float32)"
"tf.Tensor([4.423435 0.      ], shape=(2,), dtype=float32)"
"tf.Tensor([2.237561 0.      ], shape=(2,), dtype=float32)"
"tf.Tensor([1.9416994 0.       ], shape=(2,), dtype=float32)"
"tf.Tensor([3.9114788 0.       ], shape=(2,), dtype=float32)"
"tf.Tensor([0. 0.], shape=(2,), dtype=float32)"
"tf.Tensor([0. 0.], shape=(2,), dtype=float32)"
"tf.Tensor([27.821445  0.      ], shape=(2,), dtype=float32)"
"tf.Tensor([48.192978  0.      ], shape=(2,), dtype=float32)"
"tf.Tensor([29.359818  0.      ], shape=(2,), dtype=float32)"
"tf.Tensor([6.4727116 0.       ], shape=(2,), dtype=float32)"
"tf.Tensor([6.002146 0.      ], shape=(2,), dtype=float32)"
"tf.Tensor([9.877483 0.      ], shape=(2,), dtype=float32)"
"tf.Tensor([10.170528  0.      ], shape=(2,), dtype=float32)"
"tf.Tensor([6.5824537 0.       ], shape=(2,), dtype=float32)"
"tf.Tensor([3.8252504 0.       ], shape=(2,), dtype=float32)"
"tf.Tensor([1.4239515 0.       ], shape=(2,), dtype=float32)"
"tf.Tensor([0. 0.], shape=(2,), dtype=float32)"
"tf.Tensor([0.87745315 0.        ], shape=(2,), dtype=float32)"
"tf.Tensor([10.199369  0.      ], shape=(2,), dtype=float32)"
"tf.Tensor([7.7210236 0.       ], shape=(2,), dtype=float32)"
"tf.Tensor([62.138573  0.      ], shape=(2,), dtype=float32)"
"tf.Tensor([98.15519  0.     ], shape=(2,), dtype=float32)"
"tf.Tensor([18.885675  0.      ], shape=(2,), dtype=float32)"
"tf.Tensor([20.279503  0.      ], shape=(2,), dtype=float32)"
"tf.Tensor([20.710865  0.      ], shape=(2,), dtype=float32)"
"tf.Tensor([17.875515  0.      ], shape=(2,), dtype=float32)"
"tf.Tensor([20.938816  0.      ], shape=(2,), dtype=float32)"
"tf.Tensor([13.278109  0.      ], shape=(2,), dtype=float32)"
"tf.Tensor([8.766561 0.      ], shape=(2,), dtype=float32)"
"tf.Tensor([0.9046343 0.       ], shape=(2,), dtype=float32)"
"tf.Tensor([12.92695  0.     ], shape=(2,), dtype=float32)"
"tf.Tensor([13.455704  0.      ], shape=(2,), dtype=float32)"
"tf.Tensor([16.191662  0.      ], shape=(2,), dtype=float32)"
"tf.Tensor([15.4945965  0.       ], shape=(2,), dtype=float32)"
"tf.Tensor([11.430903  0.      ], shape=(2,), dtype=float32)"
"tf.Tensor([13.367146  0.      ], shape=(2,), dtype=float32)"
"tf.Tensor([12.782179  0.      ], shape=(2,), dtype=float32)"
"tf.Tensor([4.9387016 0.       ], shape=(2,), dtype=float32)"
"tf.Tensor([11.122592  0.      ], shape=(2,), dtype=float32)"
"tf.Tensor([17.848656  0.      ], shape=(2,), dtype=float32)"
"tf.Tensor([17.80857  0.     ], shape=(2,), dtype=float32)"
"tf.Tensor([11.4373455  0.       ], shape=(2,), dtype=float32)"
"tf.Tensor([14.251348  0.      ], shape=(2,), dtype=float32)"
"tf.Tensor([17.162722  0.      ], shape=(2,), dtype=float32)"
"tf.Tensor([19.059465  0.      ], shape=(2,), dtype=float32)"
"tf.Tensor([14.709425  0.      ], shape=(2,), dtype=float32)"
"tf.Tensor([37.9479  0.    ], shape=(2,), dtype=float32)"
"tf.Tensor([45.648037  0.      ], shape=(2,), dtype=float32)"
"tf.Tensor([5.1060314 0.       ], shape=(2,), dtype=float32)"
